Id	LotArea	paved_street	Alley	regular_lot_shape	level_land_contour	gentle_land_slope	one_family_building	YearBuilt	YearRemodAdd	BsmtFinSF1	BsmtFinSF2	BsmtUnfSF	TotalBsmtSF	central_air	1stFlrSF	2ndFlrSF	LowQualFinSF	GrLivArea	BsmtFullBath	BsmtHalfBath	FullBath	HalfBath	BedroomAbvGr	KitchenAbvGr	TotRmsAbvGrd	Fireplaces	GarageCars	GarageArea	paved_driveway	WoodDeckSF	OpenPorchSF	EnclosedPorch	3SsnPorch	ScreenPorch	PoolArea	MiscVal	YrSold	SalePrice
1	8450	1	0	1	1	1	1	2003	2003	706	0	150	856	1	856	854	0	1710	1	0	2	1	3	1	8	0	2	548	1	0	61	0	0	0	0	0	2008	208500
2	9600	1	0	1	1	1	1	1976	1976	978	0	284	1262	1	1262	0	0	1262	0	1	2	0	3	1	6	1	2	460	1	298	0	0	0	0	0	0	2007	181500
3	11250	1	0	0	1	1	1	2001	2002	486	0	434	920	1	920	866	0	1786	1	0	2	1	3	1	6	1	2	608	1	0	42	0	0	0	0	0	2008	223500
4	9550	1	0	0	1	1	1	1915	1970	216	0	540	756	1	961	756	0	1717	1	0	1	0	3	1	7	1	3	642	1	0	35	272	0	0	0	0	2006	140000
5	14260	1	0	0	1	1	1	2000	2000	655	0	490	1145	1	1145	1053	0	2198	1	0	2	1	4	1	9	1	3	836	1	192	84	0	0	0	0	0	2008	250000
6	14115	1	0	0	1	1	1	1993	1995	732	0	64	796	1	796	566	0	1362	1	0	1	1	1	1	5	0	2	480	1	40	30	0	320	0	0	700	2009	143000
7	10084	1	0	1	1	1	1	2004	2005	1369	0	317	1686	1	1694	0	0	1694	1	0	2	0	3	1	7	1	2	636	1	255	57	0	0	0	0	0	2007	307000
8	10382	1	0	0	1	1	1	1973	1973	859	32	216	1107	1	1107	983	0	2090	1	0	2	1	3	1	7	2	2	484	1	235	204	228	0	0	0	350	2009	200000
9	6120	1	0	1	1	1	1	1931	1950	0	0	952	952	1	1022	752	0	1774	0	0	2	0	2	2	8	2	2	468	1	90	0	205	0	0	0	0	2008	129900
10	7420	1	0	1	1	1	0	1939	1950	851	0	140	991	1	1077	0	0	1077	1	0	1	0	2	2	5	2	1	205	1	0	4	0	0	0	0	0	2008	118000
11	11200	1	0	1	1	1	1	1965	1965	906	0	134	1040	1	1040	0	0	1040	1	0	1	0	3	1	5	0	1	384	1	0	0	0	0	0	0	0	2008	129500
12	11924	1	0	0	1	1	1	2005	2006	998	0	177	1175	1	1182	1142	0	2324	1	0	3	0	4	1	11	2	3	736	1	147	21	0	0	0	0	0	2006	345000
13	12968	1	0	0	1	1	1	1962	1962	737	0	175	912	1	912	0	0	912	1	0	1	0	2	1	4	0	1	352	1	140	0	0	0	176	0	0	2008	144000
14	10652	1	0	0	1	1	1	2006	2007	0	0	1494	1494	1	1494	0	0	1494	0	0	2	0	3	1	7	1	3	840	1	160	33	0	0	0	0	0	2007	279500
15	10920	1	0	0	1	1	1	1960	1960	733	0	520	1253	1	1253	0	0	1253	1	0	1	1	2	1	5	1	1	352	1	0	213	176	0	0	0	0	2008	157000
16	6120	1	0	1	1	1	1	1929	2001	0	0	832	832	1	854	0	0	854	0	0	1	0	2	1	5	0	2	576	1	48	112	0	0	0	0	0	2007	132000
17	11241	1	0	0	1	1	1	1970	1970	578	0	426	1004	1	1004	0	0	1004	1	0	1	0	2	1	5	1	2	480	1	0	0	0	0	0	0	700	2010	149000
18	10791	1	0	1	1	1	0	1967	1967	0	0	0	0	1	1296	0	0	1296	0	0	2	0	2	2	6	0	2	516	1	0	0	0	0	0	0	500	2006	90000
19	13695	1	0	1	1	1	1	2004	2004	646	0	468	1114	1	1114	0	0	1114	1	0	1	1	3	1	6	0	2	576	1	0	102	0	0	0	0	0	2008	159000
20	7560	1	0	1	1	1	1	1958	1965	504	0	525	1029	1	1339	0	0	1339	0	0	1	0	3	1	6	0	1	294	1	0	0	0	0	0	0	0	2009	139000
21	14215	1	0	0	1	1	1	2005	2006	0	0	1158	1158	1	1158	1218	0	2376	0	0	3	1	4	1	9	1	3	853	1	240	154	0	0	0	0	0	2006	325300
22	7449	1	1	1	0	1	1	1930	1950	0	0	637	637	1	1108	0	0	1108	0	0	1	0	3	1	6	1	1	280	0	0	0	205	0	0	0	0	2007	139400
23	9742	1	0	1	1	1	1	2002	2002	0	0	1777	1777	1	1795	0	0	1795	0	0	2	0	3	1	7	1	2	534	1	171	159	0	0	0	0	0	2008	230000
24	4224	1	0	1	1	1	0	1976	1976	840	0	200	1040	1	1060	0	0	1060	1	0	1	0	3	1	6	1	2	572	1	100	110	0	0	0	0	0	2007	129900
25	8246	1	0	0	1	1	1	1968	2001	188	668	204	1060	1	1060	0	0	1060	1	0	1	0	3	1	6	1	1	270	1	406	90	0	0	0	0	0	2010	154000
26	14230	1	0	1	1	1	1	2007	2007	0	0	1566	1566	1	1600	0	0	1600	0	0	2	0	3	1	7	1	3	890	1	0	56	0	0	0	0	0	2009	256300
27	7200	1	0	1	1	1	1	1951	2000	234	486	180	900	1	900	0	0	900	0	1	1	0	3	1	5	0	2	576	1	222	32	0	0	0	0	0	2010	134800
28	11478	1	0	1	1	1	1	2007	2008	1218	0	486	1704	1	1704	0	0	1704	1	0	2	0	3	1	7	1	3	772	1	0	50	0	0	0	0	0	2010	306000
29	16321	1	0	0	1	1	1	1957	1997	1277	0	207	1484	1	1600	0	0	1600	1	0	1	0	2	1	6	2	1	319	1	288	258	0	0	0	0	0	2006	207500
30	6324	1	0	0	1	1	1	1927	1950	0	0	520	520	0	520	0	0	520	0	0	1	0	1	1	4	0	1	240	1	49	0	87	0	0	0	0	2008	68500
31	8500	1	1	1	1	1	1	1920	1950	0	0	649	649	0	649	668	0	1317	0	0	1	0	3	1	6	0	1	250	0	0	54	172	0	0	0	0	2008	40000
32	8544	1	0	0	1	1	1	1966	2006	0	0	1228	1228	1	1228	0	0	1228	0	0	1	1	3	1	6	0	1	271	1	0	65	0	0	0	0	0	2008	149350
33	11049	1	0	1	1	1	1	2007	2007	0	0	1234	1234	1	1234	0	0	1234	0	0	2	0	3	1	7	0	2	484	1	0	30	0	0	0	0	0	2008	179900
34	10552	1	0	0	1	1	1	1959	1959	1018	0	380	1398	1	1700	0	0	1700	0	1	1	1	4	1	6	1	2	447	1	0	38	0	0	0	0	0	2010	165500
35	7313	1	0	1	1	1	0	2005	2005	1153	0	408	1561	1	1561	0	0	1561	1	0	2	0	2	1	6	1	2	556	1	203	47	0	0	0	0	0	2007	277500
36	13418	1	0	1	1	1	1	2004	2005	0	0	1117	1117	1	1132	1320	0	2452	0	0	3	1	4	1	9	1	3	691	1	113	32	0	0	0	0	0	2006	309000
37	10859	1	0	1	1	1	1	1994	1995	0	0	1097	1097	1	1097	0	0	1097	0	0	1	1	3	1	6	0	2	672	1	392	64	0	0	0	0	0	2009	145000
38	8532	1	0	1	1	1	1	1954	1990	1213	0	84	1297	1	1297	0	0	1297	0	1	1	0	3	1	5	1	2	498	1	0	0	0	0	0	0	0	2009	153000
39	7922	1	0	1	1	1	1	1953	2007	731	0	326	1057	1	1057	0	0	1057	1	0	1	0	3	1	5	0	1	246	1	0	52	0	0	0	0	0	2010	109000
40	6040	1	0	1	1	1	0	1955	1955	0	0	0	0	0	1152	0	0	1152	0	0	2	0	2	2	6	0	0	0	0	0	0	0	0	0	0	0	2008	82000
41	8658	1	0	1	1	1	1	1965	1965	643	0	445	1088	1	1324	0	0	1324	0	0	2	0	3	1	6	1	2	440	1	0	138	0	0	0	0	0	2006	160000
42	16905	1	0	1	1	1	1	1959	1959	967	0	383	1350	1	1328	0	0	1328	0	1	1	1	2	1	5	2	1	308	0	0	104	0	0	0	0	0	2007	170000
43	9180	1	0	0	1	1	1	1983	1983	747	93	0	840	1	884	0	0	884	1	0	1	0	2	1	5	0	2	504	1	240	0	0	0	0	0	0	2007	144000
44	9200	1	0	0	1	1	1	1975	1980	280	491	167	938	1	938	0	0	938	1	0	1	0	3	1	5	0	1	308	1	145	0	0	0	0	0	0	2008	130250
45	7945	1	0	1	1	1	1	1959	1959	179	506	465	1150	1	1150	0	0	1150	1	0	1	0	3	1	6	0	1	300	1	0	0	0	0	0	0	0	2006	141000
46	7658	1	0	1	1	1	0	2005	2005	456	0	1296	1752	1	1752	0	0	1752	1	0	2	0	2	1	6	1	2	576	1	196	82	0	0	0	0	0	2010	319900
47	12822	1	0	0	1	1	1	2003	2003	1351	0	83	1434	1	1518	631	0	2149	1	0	1	1	1	1	6	1	2	670	1	168	43	0	0	198	0	0	2009	239686
48	11096	1	0	1	1	1	1	2006	2006	24	0	1632	1656	1	1656	0	0	1656	0	0	2	0	3	1	7	0	3	826	1	0	146	0	0	0	0	0	2007	249700
49	4456	1	0	1	1	1	0	1920	2008	0	0	736	736	1	736	716	0	1452	0	0	2	0	2	3	8	0	0	0	0	0	0	102	0	0	0	0	2009	113000
50	7742	1	0	1	1	1	1	1966	1966	763	0	192	955	1	955	0	0	955	1	0	1	0	3	1	6	0	1	386	1	0	0	0	0	0	0	0	2007	127000
51	13869	1	0	0	1	1	1	1997	1997	182	0	612	794	1	794	676	0	1470	0	1	2	0	3	1	6	0	2	388	1	0	75	0	0	0	0	0	2007	177000
52	6240	1	0	1	1	1	1	1934	1950	0	0	816	816	1	816	0	360	1176	0	0	1	0	3	1	6	1	2	528	1	112	0	0	0	0	0	400	2006	114500
53	8472	0	0	0	0	0	0	1963	1963	104	712	0	816	0	816	0	0	816	1	0	1	0	2	1	5	0	2	516	1	106	0	0	0	0	0	0	2010	110000
54	50271	1	0	0	0	1	1	1981	1987	1810	0	32	1842	1	1842	0	0	1842	2	0	0	1	0	1	5	1	3	894	1	857	72	0	0	0	0	0	2006	385000
55	7134	1	0	1	0	0	1	1955	1955	384	0	0	384	1	1360	0	0	1360	0	0	1	0	3	1	6	1	2	572	1	0	50	0	0	0	0	0	2007	130000
56	10175	1	0	0	1	1	1	1964	1964	490	0	935	1425	1	1425	0	0	1425	0	0	2	0	3	1	7	1	2	576	1	0	0	0	407	0	0	0	2008	180500
57	2645	1	1	1	1	1	0	1999	2000	649	0	321	970	1	983	756	0	1739	1	0	2	1	3	1	7	0	2	480	1	115	0	0	0	0	0	0	2009	172500
58	11645	1	0	0	1	1	1	2004	2004	0	0	860	860	1	860	860	0	1720	0	0	2	1	3	1	7	0	2	565	1	0	70	0	0	0	0	0	2006	196500
59	13682	1	0	0	0	1	1	2006	2006	0	0	1410	1410	1	1426	1519	0	2945	0	0	3	1	3	1	10	1	3	641	1	192	0	37	0	0	0	0	2006	438780
60	7200	1	0	1	0	1	1	1972	1972	632	0	148	780	1	780	0	0	780	0	0	1	0	2	1	4	0	1	352	1	196	0	0	0	0	0	0	2008	124900
61	13072	1	0	1	1	1	1	2004	2004	941	0	217	1158	1	1158	0	0	1158	1	0	1	1	3	1	5	0	2	576	1	0	50	0	0	0	0	0	2006	158000
62	7200	1	0	1	1	1	1	1920	1996	0	0	530	530	0	581	530	0	1111	0	0	1	0	3	1	6	0	1	288	0	0	0	144	0	0	0	0	2007	101000
63	6442	1	0	0	1	1	0	2006	2006	24	0	1346	1370	1	1370	0	0	1370	0	0	2	0	2	1	6	1	2	484	1	120	49	0	0	0	0	0	2007	202500
64	10300	1	0	0	0	1	1	1921	1950	0	0	576	576	1	902	808	0	1710	0	0	2	0	3	1	9	0	2	480	1	12	11	64	0	0	0	0	2010	140000
65	9375	1	0	1	1	1	1	1997	1998	739	0	318	1057	1	1057	977	0	2034	1	0	2	1	3	1	8	0	2	645	1	576	36	0	0	0	0	0	2009	219500
66	9591	1	0	1	1	1	1	2004	2005	0	0	1143	1143	1	1143	1330	0	2473	0	0	2	1	4	1	9	1	3	852	1	192	151	0	0	0	0	0	2007	317000
67	19900	1	0	1	1	1	1	1970	1989	912	0	1035	1947	1	2207	0	0	2207	1	0	2	0	3	1	7	1	2	576	1	301	0	0	0	0	0	0	2010	180000
68	10665	1	0	0	1	1	1	2003	2003	1013	0	440	1453	1	1479	0	0	1479	1	0	2	0	3	1	7	0	2	558	1	144	29	0	0	0	0	0	2007	226000
69	4608	1	0	1	1	1	1	1945	1950	0	0	747	747	1	747	0	0	747	0	0	1	0	2	1	4	0	1	220	1	0	0	0	0	0	0	0	2010	80000
70	15593	1	0	1	1	1	1	1953	1953	603	0	701	1304	1	1304	983	0	2287	0	0	2	0	3	1	7	1	2	667	1	0	21	114	0	0	0	0	2006	225000
71	13651	1	0	0	1	1	1	1973	1973	1880	0	343	2223	1	2223	0	0	2223	1	0	2	0	3	1	8	2	2	516	1	300	0	0	0	0	0	0	2007	244000
72	7599	1	0	1	1	1	1	1982	2006	565	0	280	845	1	845	0	0	845	1	0	1	0	2	1	4	0	2	360	1	0	0	0	0	0	0	0	2007	129500
73	10141	1	0	0	1	1	1	1998	1998	0	0	832	832	1	885	833	0	1718	0	0	2	1	3	1	7	1	2	427	1	0	94	0	0	291	0	0	2009	185000
74	10200	1	0	1	1	1	1	1954	2003	320	362	404	1086	1	1086	0	0	1086	1	0	1	0	3	1	6	0	2	490	1	0	0	0	0	0	0	0	2010	144900
75	5790	1	0	1	1	1	1	1915	1950	0	0	840	840	0	840	765	0	1605	0	0	2	0	3	2	8	0	1	379	1	0	0	202	0	0	0	0	2010	107400
76	1596	1	0	1	1	1	0	1973	1973	462	0	0	462	1	526	462	0	988	1	0	1	0	2	1	5	0	1	297	1	120	101	0	0	0	0	0	2009	91000
77	8475	1	0	0	1	1	1	1956	1956	228	0	724	952	1	952	0	0	952	0	0	1	0	2	1	4	0	1	283	1	0	0	0	0	0	0	0	2008	135750
78	8635	1	0	1	1	1	1	1948	2001	336	41	295	672	1	1072	213	0	1285	1	0	1	0	2	1	6	0	1	240	1	0	0	0	0	0	0	0	2008	127000
79	10778	1	0	1	1	1	0	1968	1968	0	0	1768	1768	0	1768	0	0	1768	0	0	2	0	4	2	8	0	0	0	1	0	0	0	0	0	0	0	2010	136500
80	10440	1	1	1	1	1	1	1910	1981	0	0	440	440	1	682	548	0	1230	0	0	1	1	2	1	5	0	2	440	1	74	0	128	0	0	0	0	2009	110000
81	13000	1	0	1	1	1	1	1968	1968	448	0	448	896	1	1182	960	0	2142	0	0	2	1	4	1	8	1	1	509	1	0	72	0	0	252	0	0	2009	193500
82	4500	1	0	1	1	1	0	1998	1998	1201	0	36	1237	1	1337	0	0	1337	1	0	2	0	2	1	5	0	2	405	1	0	199	0	0	0	0	0	2006	153500
83	10206	1	0	1	1	1	1	2007	2007	33	0	1530	1563	1	1563	0	0	1563	0	0	2	0	3	1	6	1	3	758	1	144	99	0	0	0	0	0	2008	245000
84	8892	1	0	0	1	1	1	1960	1960	0	0	1065	1065	1	1065	0	0	1065	0	0	1	1	3	1	6	0	2	461	1	74	0	0	0	0	0	0	2007	126500
85	8530	1	0	0	1	1	1	1995	1996	0	0	384	384	1	804	670	0	1474	0	0	2	1	3	1	7	1	2	400	1	120	72	0	0	0	0	700	2009	168500
86	16059	1	0	1	1	1	1	1991	1992	0	0	1288	1288	1	1301	1116	0	2417	0	0	2	1	4	1	9	1	2	462	1	127	82	0	0	0	0	0	2006	260000
87	11911	1	0	0	1	1	1	2005	2005	0	0	684	684	1	684	876	0	1560	0	0	2	1	3	1	6	1	2	400	1	100	38	0	0	0	0	0	2009	174000
88	3951	1	1	1	1	1	0	2009	2009	0	0	612	612	1	612	612	0	1224	0	0	2	1	2	1	4	0	2	528	1	0	234	0	0	0	0	0	2009	164500
89	8470	1	0	0	1	1	1	1915	1982	0	0	1013	1013	0	1013	0	513	1526	0	0	1	0	2	1	6	0	0	0	0	0	0	156	0	0	0	0	2009	85000
90	8070	1	0	1	1	1	1	1994	1995	588	0	402	990	1	990	0	0	990	1	0	1	0	3	1	5	0	0	0	1	0	0	0	0	0	0	0	2007	123600
91	7200	1	0	1	1	1	1	1950	1950	0	0	0	0	1	1040	0	0	1040	0	0	1	0	2	1	4	0	2	420	1	0	29	0	0	0	0	0	2006	109900
92	8500	1	0	1	1	1	1	1961	1961	600	0	635	1235	1	1235	0	0	1235	0	0	1	0	2	1	6	0	2	480	1	0	0	0	0	0	0	0	2006	98600
93	13360	1	1	0	0	1	1	1921	2006	713	0	163	876	1	964	0	0	964	1	0	1	0	2	1	5	0	2	432	1	0	0	44	0	0	0	0	2009	163500
94	7200	1	0	1	1	1	0	1910	1998	1046	0	168	1214	0	1260	1031	0	2291	0	1	2	0	4	2	9	1	2	506	1	0	0	0	0	99	0	0	2007	133900
95	9337	1	0	0	1	1	1	1997	1997	648	0	176	824	1	905	881	0	1786	1	0	2	1	3	1	7	0	2	684	1	0	162	0	0	0	0	0	2007	204750
96	9765	1	0	0	1	1	1	1993	1993	310	0	370	680	1	680	790	0	1470	0	0	2	1	3	1	6	1	2	420	1	232	63	0	0	0	0	480	2009	185000
97	10264	1	0	0	1	1	1	1999	1999	1162	0	426	1588	1	1588	0	0	1588	0	0	2	0	3	1	6	0	2	472	1	158	29	0	0	0	0	0	2006	214000
98	10921	1	0	1	0	1	1	1965	1965	520	0	440	960	1	960	0	0	960	1	0	1	0	3	1	6	0	1	432	0	120	0	0	0	0	0	0	2007	94750
99	10625	1	0	1	1	1	1	1920	1950	108	0	350	458	0	835	0	0	835	0	0	1	0	2	1	5	0	1	366	1	0	0	77	0	0	0	400	2010	83000
100	9320	1	0	0	1	1	1	1959	1959	569	0	381	950	1	1225	0	0	1225	1	0	1	1	3	1	6	0	0	0	1	352	0	0	0	0	0	400	2010	128950
101	10603	1	0	0	1	1	1	1977	2001	1200	0	410	1610	1	1610	0	0	1610	1	0	2	0	3	1	6	2	2	480	1	168	68	0	0	0	0	0	2010	205000
102	9206	1	0	1	1	1	1	1985	1985	0	0	741	741	1	977	755	0	1732	0	0	2	1	3	1	7	1	2	476	1	192	46	0	0	0	0	0	2010	178000
103	7018	1	0	1	0	1	0	1979	1979	0	0	0	0	1	1535	0	0	1535	0	0	2	0	4	2	8	0	2	410	1	0	0	0	0	0	0	0	2009	118964
104	10402	1	0	0	1	1	1	2009	2009	0	0	1226	1226	1	1226	0	0	1226	0	0	2	0	3	1	6	0	3	740	1	0	36	0	0	0	0	0	2010	198900
105	7758	1	0	1	1	1	1	1931	1950	224	0	816	1040	1	1226	592	0	1818	0	0	1	1	4	1	7	2	1	240	1	0	0	0	0	184	0	0	2007	169500
106	9375	1	0	1	1	1	1	2003	2004	0	0	1053	1053	1	1053	939	0	1992	0	0	2	1	3	1	9	1	2	648	1	140	45	0	0	0	0	0	2008	250000
107	10800	1	1	1	1	1	1	1885	1995	0	0	641	641	1	1047	0	0	1047	0	0	1	0	2	1	6	0	1	273	0	0	0	0	0	0	0	450	2007	100000
108	6000	1	0	1	1	1	1	1948	1950	104	169	516	789	1	789	0	0	789	0	0	1	0	2	1	5	0	1	250	1	0	0	0	0	0	0	0	2008	115000
109	8500	1	0	1	1	1	1	1919	2005	0	0	793	793	0	997	520	0	1517	0	0	2	0	3	1	7	0	0	0	0	0	0	144	0	0	0	0	2007	115000
110	11751	1	0	0	1	1	1	1977	1977	705	0	1139	1844	1	1844	0	0	1844	0	0	2	0	3	1	7	1	2	546	1	0	122	0	0	0	0	0	2010	190000
111	9525	1	0	1	1	1	1	1954	1972	444	0	550	994	1	1216	639	0	1855	0	0	2	0	4	1	7	0	1	325	1	182	0	0	0	0	0	0	2006	136900
112	7750	1	0	0	1	1	1	2000	2000	250	0	134	384	1	774	656	0	1430	0	0	2	1	3	1	7	1	2	400	1	180	0	0	0	0	0	0	2010	180000
113	9965	1	0	1	1	1	1	2007	2007	984	0	280	1264	1	1282	1414	0	2696	1	0	2	1	4	1	10	1	3	792	1	120	184	0	0	168	0	0	2007	383970
114	21000	1	0	1	0	1	1	1953	1953	35	869	905	1809	1	2259	0	0	2259	1	0	2	0	3	1	7	2	2	450	1	166	120	192	0	0	0	0	2007	217000
115	7259	1	0	0	1	0	1	1945	2002	774	150	104	1028	1	1436	884	0	2320	1	0	2	1	3	1	9	1	1	180	1	224	0	0	0	0	0	0	2007	259500
116	3230	1	1	1	1	1	0	1999	1999	419	0	310	729	1	729	729	0	1458	0	0	2	1	2	1	5	1	2	440	1	0	32	0	0	0	0	0	2007	176000
117	11616	1	0	1	1	1	1	1962	1962	170	670	252	1092	1	1092	0	0	1092	0	1	1	0	3	1	6	1	1	288	1	0	20	144	0	0	0	0	2009	139000
118	8536	1	0	1	1	1	1	2006	2007	0	0	1125	1125	1	1125	0	0	1125	0	0	1	1	2	1	5	0	2	430	1	80	64	0	0	0	0	0	2007	155000
119	12376	1	0	1	1	1	1	1990	1990	1470	0	203	1673	1	1699	1523	0	3222	1	0	3	0	5	1	11	2	3	594	1	367	0	0	0	0	0	0	2010	320000
120	8461	1	0	1	1	1	1	2005	2006	0	0	728	728	1	728	728	0	1456	0	0	2	1	3	1	8	1	2	390	1	0	24	0	0	0	0	0	2006	163990
121	21453	1	0	0	0	0	1	1969	1969	938	0	0	938	1	988	0	0	988	1	0	1	0	1	1	4	2	2	540	1	0	130	0	130	0	0	0	2006	180000
122	6060	1	0	1	1	1	1	1939	1950	0	0	732	732	1	772	351	0	1123	0	0	1	0	3	1	4	0	1	264	0	0	0	140	0	0	0	0	2007	100000
123	9464	1	0	1	1	1	1	1958	1958	570	0	510	1080	1	1080	0	0	1080	0	0	1	0	3	1	5	0	1	288	1	0	0	0	0	130	0	0	2008	136000
124	7892	1	0	1	1	1	0	1993	1993	300	0	899	1199	1	1199	0	0	1199	0	0	2	0	2	1	5	0	2	530	1	0	63	0	0	0	0	0	2008	153900
125	17043	1	0	0	1	1	1	1979	1998	0	0	1362	1362	1	1586	0	0	1586	0	0	2	0	3	1	7	1	2	435	1	192	0	0	0	0	0	0	2009	181000
126	6780	1	0	1	1	1	0	1935	1982	490	0	30	520	0	520	0	234	754	1	0	1	0	2	1	5	0	0	0	0	53	0	0	0	0	0	0	2006	84500
127	4928	1	0	0	1	1	0	1976	1976	120	0	958	1078	1	958	0	0	958	0	0	2	0	2	1	5	1	2	440	1	0	205	0	0	0	0	0	2007	128000
128	4388	1	0	0	0	1	1	1930	1950	116	0	556	672	1	840	0	0	840	0	0	1	0	3	1	5	1	0	0	0	0	0	0	0	0	0	0	2007	87000
129	7590	1	0	1	1	1	1	1966	1966	512	0	148	660	1	660	688	0	1348	0	0	1	1	3	1	6	1	2	453	1	188	108	0	0	0	0	0	2006	155000
130	8973	1	0	1	1	1	1	1958	1991	567	28	413	1008	1	1053	0	0	1053	0	1	1	1	3	1	6	0	2	750	1	0	80	0	180	0	0	0	2006	150000
131	14200	1	0	1	1	1	1	1966	1966	445	0	479	924	1	1216	941	0	2157	0	0	2	1	4	1	8	2	2	487	1	105	66	0	0	0	0	0	2006	226000
132	12224	1	0	0	1	1	1	2000	2000	695	0	297	992	1	1022	1032	0	2054	1	0	2	1	3	1	7	1	2	390	1	24	48	0	0	0	0	0	2009	244000
133	7388	1	0	1	1	1	1	1959	2002	405	0	658	1063	1	1327	0	0	1327	1	0	1	0	3	1	7	0	2	624	1	0	0	0	0	0	0	0	2007	150750
134	6853	1	0	0	1	1	1	2001	2002	1005	0	262	1267	1	1296	0	0	1296	1	0	2	0	2	1	6	0	2	471	1	192	25	0	0	0	0	0	2009	220000
135	10335	1	0	0	1	1	1	1968	1993	570	0	891	1461	1	1721	0	0	1721	0	0	2	1	3	1	7	1	2	440	1	0	96	180	0	0	0	0	2006	180000
136	10400	1	0	1	1	1	1	1970	1970	0	0	1304	1304	1	1682	0	0	1682	0	0	2	0	3	1	7	1	2	530	1	98	0	0	0	0	0	0	2008	174000
137	10355	1	0	0	1	1	1	1967	1967	695	0	519	1214	1	1214	0	0	1214	0	0	2	0	3	1	5	1	1	318	1	0	111	0	0	0	0	0	2007	143000
138	11070	1	0	1	1	1	0	1988	1989	0	0	1907	1907	1	1959	0	0	1959	0	0	3	0	5	2	9	0	3	766	1	0	0	0	0	0	0	0	2006	171000
139	9066	1	0	0	1	1	1	1999	2000	668	0	336	1004	1	1004	848	0	1852	0	0	2	1	3	1	7	2	3	660	1	224	106	0	0	0	0	0	2008	230000
140	15426	1	0	0	1	1	1	1997	1997	821	0	107	928	1	928	836	0	1764	1	0	2	1	3	1	7	0	2	470	1	276	99	0	0	0	0	0	2009	231500
141	10500	1	0	1	1	1	1	1971	1971	432	0	432	864	1	864	0	0	864	0	0	1	0	3	1	5	1	0	0	1	0	0	0	0	0	0	0	2010	115000
142	11645	1	0	1	1	1	1	2005	2005	1300	0	434	1734	1	1734	0	0	1734	1	0	2	0	3	1	7	0	2	660	1	160	24	0	0	0	0	0	2006	260000
143	8520	1	0	1	1	1	1	1952	1952	507	0	403	910	1	910	475	0	1385	0	0	2	0	4	1	6	0	2	720	1	0	0	0	0	0	0	0	2010	166000
144	10335	1	0	0	1	1	1	1999	1999	679	0	811	1490	1	1501	0	0	1501	1	0	2	0	3	1	6	0	2	577	1	144	29	0	0	0	0	0	2009	204000
145	9100	1	0	1	1	1	0	1963	1963	1332	0	396	1728	1	1728	0	0	1728	1	0	2	0	6	2	10	0	2	504	1	0	0	0	0	0	0	0	2006	125000
146	2522	1	0	1	1	1	0	2004	2006	0	0	970	970	1	970	739	0	1709	0	0	2	0	3	1	7	0	2	380	1	0	40	0	0	0	0	0	2006	130000
147	6120	1	0	1	1	1	1	1931	1993	209	0	506	715	1	875	0	0	875	1	0	1	0	2	1	5	0	1	180	1	48	0	0	0	0	0	0	2009	105000
148	9505	1	0	0	1	1	1	2001	2001	0	0	884	884	1	884	1151	0	2035	0	0	2	1	3	1	8	1	2	434	1	144	48	0	0	0	0	0	2010	222500
149	7500	1	0	1	1	1	1	2004	2005	680	0	400	1080	1	1080	0	0	1080	1	0	1	0	3	1	6	0	0	0	1	0	0	0	0	0	0	0	2008	141000
150	6240	1	0	1	1	1	1	1936	1950	0	0	896	896	1	896	448	0	1344	0	0	1	0	3	1	7	0	1	240	1	200	114	0	0	0	0	0	2006	115000
151	10356	1	0	1	1	1	1	1975	1975	716	0	253	969	1	969	0	0	969	0	0	1	1	3	1	5	0	2	440	1	0	0	0	0	0	0	0	2007	122000
152	13891	1	0	1	1	1	1	2007	2008	1400	0	310	1710	1	1710	0	0	1710	1	0	2	0	2	1	6	1	3	866	1	0	102	0	0	0	0	0	2008	372402
153	14803	1	0	0	1	1	1	1971	1971	416	0	409	825	1	1097	896	0	1993	0	0	2	1	4	1	8	1	2	495	1	0	66	0	0	0	0	0	2006	190000
154	13500	1	0	1	1	1	1	1960	1975	429	1080	93	1602	1	1252	0	0	1252	1	0	1	0	1	1	4	1	2	564	1	409	0	0	0	0	0	0	2008	235000
155	11340	1	0	1	1	1	1	1923	1950	0	0	1200	1200	1	1200	0	0	1200	0	0	1	0	4	1	7	0	1	312	1	0	0	228	0	0	0	0	2006	125000
156	9600	1	0	1	1	1	1	1924	1950	0	0	572	572	0	572	524	0	1096	0	0	1	0	2	1	5	0	0	0	0	0	8	128	0	0	0	0	2008	79000
157	7200	1	0	1	1	1	1	1950	1950	0	0	0	0	1	1040	0	0	1040	0	0	1	0	2	1	5	0	2	625	1	0	0	0	0	0	0	0	2006	109500
158	12003	1	0	1	1	1	1	2009	2010	0	0	774	774	1	774	1194	0	1968	0	0	2	1	4	1	8	1	3	680	1	0	75	0	0	0	0	0	2010	269500
159	12552	1	0	1	1	1	1	2004	2005	222	0	769	991	1	991	956	0	1947	0	0	2	1	3	1	8	1	2	678	1	0	136	0	0	0	0	0	2010	254900
160	19378	1	0	0	0	1	1	2005	2006	57	0	1335	1392	1	1392	1070	0	2462	1	0	2	1	4	1	9	1	2	576	1	239	132	0	168	0	0	0	2006	320000
161	11120	1	0	0	1	1	1	1984	1984	660	0	572	1232	1	1232	0	0	1232	0	0	2	0	3	1	6	0	2	516	1	0	0	0	0	0	0	0	2008	162500
162	13688	1	0	0	1	1	1	2003	2004	1016	0	556	1572	1	1572	1096	0	2668	1	0	2	1	3	1	10	2	3	726	1	400	0	0	0	0	0	0	2008	412500
163	12182	1	0	1	1	1	1	2005	2005	1201	0	340	1541	1	1541	0	0	1541	0	0	2	0	3	1	7	1	2	532	1	0	70	0	0	0	0	0	2010	220000
164	5500	1	0	1	1	1	1	1956	1956	0	0	882	882	1	882	0	0	882	0	0	1	0	1	1	4	0	0	0	1	0	0	0	0	0	0	0	2007	103200
165	5400	1	1	1	1	1	1	1926	2004	370	0	779	1149	1	1149	467	0	1616	0	0	2	0	3	1	5	0	1	216	1	0	0	183	0	0	0	0	2007	152000
166	10106	1	0	1	1	1	0	1940	1999	351	181	112	644	1	808	547	0	1355	1	0	2	0	4	2	6	0	0	0	1	140	0	0	0	0	0	0	2008	127500
167	10708	1	0	0	1	1	1	1955	1993	379	768	470	1617	1	1867	0	0	1867	1	0	1	0	2	1	7	3	1	303	1	476	0	0	0	142	0	0	2009	190000
168	10562	1	0	1	1	1	1	2007	2007	1288	0	294	1582	1	1610	551	0	2161	1	0	1	1	3	1	8	1	3	789	1	178	120	0	0	0	0	0	2007	325624
169	8244	1	0	0	1	1	1	2004	2004	0	0	840	840	1	840	880	0	1720	0	0	2	1	3	1	7	1	2	440	1	100	48	0	0	0	0	0	2007	183500
170	16669	1	0	0	1	1	1	1981	1981	0	0	1686	1686	1	1707	0	0	1707	0	0	2	1	2	1	6	1	2	511	1	574	64	0	0	0	0	0	2006	228000
171	12358	1	0	0	1	1	1	1941	1950	360	0	360	720	1	854	0	528	1382	0	0	1	1	2	1	7	0	2	660	1	237	0	0	0	0	0	0	2007	128500
172	31770	1	0	0	1	1	1	1960	1960	639	0	441	1080	1	1656	0	0	1656	1	0	1	0	3	1	7	2	2	528	0	210	62	0	0	0	0	0	2010	215000
173	5306	1	0	0	1	1	0	1987	1987	495	215	354	1064	1	1064	703	0	1767	1	0	2	0	2	1	5	1	2	504	1	441	35	0	0	0	0	0	2006	239000
174	10197	1	0	0	1	1	1	1961	1961	288	374	700	1362	1	1362	0	0	1362	1	0	1	1	3	1	6	1	2	504	1	0	20	0	0	0	0	0	2008	163000
175	12416	1	0	0	1	1	1	1986	1986	1398	208	0	1606	1	1651	0	0	1651	1	0	2	0	3	1	7	1	2	616	1	192	0	0	0	0	0	0	2008	184000
176	12615	1	0	1	1	1	1	1950	2001	477	0	725	1202	1	2158	0	0	2158	1	0	2	0	4	1	7	1	2	576	1	0	29	39	0	0	0	0	2007	243000
177	10029	1	0	0	1	1	1	1988	1989	831	0	320	1151	1	1164	896	0	2060	0	1	2	1	4	1	8	1	2	521	1	0	228	0	0	192	0	0	2007	211000
178	13650	1	0	1	1	1	1	1958	1958	57	441	554	1052	1	1252	668	0	1920	1	0	2	0	4	1	8	1	2	451	1	0	0	0	0	0	0	0	2006	172500
179	17423	1	0	0	1	1	1	2008	2009	1904	0	312	2216	1	2234	0	0	2234	1	0	2	0	1	1	9	1	3	1166	1	0	60	0	0	0	0	0	2009	501837
180	8520	1	0	1	1	1	1	1923	2006	0	0	968	968	1	968	0	0	968	0	0	1	0	2	1	5	0	2	480	0	0	0	184	0	0	0	0	2007	100000
181	2117	1	0	1	1	1	0	2000	2000	436	0	320	756	1	769	756	0	1525	0	0	2	1	3	1	5	1	2	440	1	0	0	0	0	0	0	0	2007	177000
182	7588	1	0	1	1	1	1	1920	1950	352	0	441	793	1	901	901	0	1802	0	0	1	1	4	1	9	1	1	216	1	0	0	40	0	0	0	0	2006	200100
183	9060	1	0	1	1	1	1	1957	2006	0	0	0	0	1	1340	0	0	1340	0	0	1	0	3	1	7	1	1	252	1	116	0	0	180	0	0	0	2007	120000
184	11426	1	0	1	1	1	1	2003	2003	0	0	1362	1362	1	1362	720	0	2082	0	0	2	1	3	1	6	0	2	484	0	280	238	0	0	0	0	0	2008	200000
185	7438	1	0	0	1	1	1	1908	1991	0	0	504	504	1	936	316	0	1252	0	0	1	0	3	1	5	0	2	576	1	104	0	0	0	0	0	0	2006	127000
186	22950	1	0	0	1	1	1	1892	1993	0	0	1107	1107	1	1518	1518	572	3608	0	0	2	1	4	1	12	2	3	840	1	0	260	0	0	410	0	0	2006	475000
187	9947	1	0	0	1	1	1	1990	1991	611	0	577	1188	1	1217	0	0	1217	1	0	2	0	3	1	6	0	2	497	1	168	27	0	0	0	0	0	2009	173000
188	10410	1	0	1	1	1	1	1916	1987	0	0	660	660	1	808	704	144	1656	0	0	2	1	3	1	8	0	1	180	0	0	0	0	140	0	0	0	2009	135000
189	7018	1	0	1	0	1	0	1979	1979	1086	0	0	1086	1	1224	0	0	1224	2	0	0	2	2	2	6	2	2	528	1	120	0	0	0	0	0	0	2009	153337
190	4923	1	0	1	1	1	0	2001	2002	1153	0	440	1593	1	1593	0	0	1593	1	0	1	1	0	1	5	1	2	682	1	0	120	0	0	224	0	0	2008	286000
191	10570	1	0	1	0	0	1	1932	1994	297	0	556	853	1	1549	1178	0	2727	0	0	2	1	3	1	10	2	2	440	1	0	74	0	0	0	0	0	2007	315000
192	7472	1	0	0	1	1	1	1972	2004	626	0	99	725	1	725	754	0	1479	1	0	1	1	4	1	7	0	2	484	1	0	32	0	0	0	0	0	2007	184000
193	9017	1	0	0	1	1	1	1999	1999	560	0	871	1431	1	1431	0	0	1431	1	0	2	0	3	1	6	0	2	666	1	0	35	0	0	0	0	0	2009	192000
194	2522	1	0	1	1	1	0	2004	2004	0	0	970	970	1	970	739	0	1709	0	0	2	0	3	1	7	0	2	380	1	0	40	0	0	0	0	0	2006	130000
195	7180	1	0	0	1	1	1	1972	1972	390	0	474	864	1	864	0	0	864	0	0	1	0	3	1	5	0	1	352	1	0	0	0	0	0	0	0	2008	127000
196	2280	1	0	1	1	1	0	1976	1976	566	0	289	855	1	855	601	0	1456	0	0	2	1	3	1	7	1	2	440	1	87	0	0	0	0	0	0	2009	148500
197	9416	1	0	1	1	1	1	2007	2007	1126	0	600	1726	1	1726	0	0	1726	1	0	2	0	3	1	8	1	3	786	1	171	138	0	0	266	0	0	2007	311872
198	25419	1	0	1	1	1	1	1918	1990	1036	184	140	1360	1	1360	1360	392	3112	1	1	2	0	4	1	8	1	2	795	1	0	16	552	0	0	512	0	2006	235000
199	5520	1	0	1	1	1	1	1912	1950	0	0	755	755	1	929	929	371	2229	0	0	1	0	5	1	8	0	0	0	1	0	198	30	0	0	0	0	2009	104000
200	9591	1	0	1	1	1	1	2004	2005	1088	0	625	1713	1	1713	0	0	1713	1	0	2	0	3	1	7	1	3	856	1	0	26	0	0	170	0	0	2009	274900
201	8546	1	0	1	1	1	1	2003	2004	0	0	1121	1121	1	1121	0	0	1121	0	0	2	0	2	1	5	0	2	440	1	132	64	0	0	0	0	0	2010	140000
202	10125	1	0	1	1	1	1	1977	1977	641	279	276	1196	1	1279	0	0	1279	0	1	2	0	3	1	6	2	2	473	1	238	83	0	0	0	0	0	2008	171500
203	7000	1	0	1	1	1	1	1924	1950	617	0	0	617	1	865	445	0	1310	0	0	2	0	2	1	6	0	1	398	1	0	0	126	0	0	0	0	2006	112000
204	4438	1	0	1	1	1	0	2004	2004	662	0	186	848	1	848	0	0	848	1	0	1	0	1	1	3	1	2	420	1	149	0	0	0	0	0	0	2008	149000
205	3500	1	1	1	1	1	1	1947	1950	312	0	408	720	1	720	564	0	1284	0	0	1	1	2	1	5	0	1	240	1	0	35	0	0	0	0	0	2009	110000
206	11851	1	0	1	1	1	1	1990	1990	0	0	1424	1424	1	1442	0	0	1442	0	0	2	0	3	1	5	0	2	500	1	0	34	0	508	0	0	0	2009	180500
207	13673	1	0	0	1	1	1	1962	1962	0	0	1140	1140	1	1696	0	0	1696	0	0	1	1	3	1	8	1	1	349	1	0	30	0	0	0	0	0	2007	143900
208	12493	1	0	0	1	1	1	1960	1960	419	306	375	1100	1	1100	0	0	1100	1	0	1	0	3	1	6	1	1	312	1	355	0	0	0	0	0	0	2008	141000
209	14364	1	0	0	0	0	1	1988	1989	1065	0	92	1157	1	1180	882	0	2062	1	0	2	1	3	1	7	1	2	454	1	60	55	0	0	154	0	0	2007	277000
210	8250	1	0	1	1	1	1	1964	1964	787	0	305	1092	1	1092	0	0	1092	1	0	1	0	3	1	6	0	2	504	1	0	0	0	0	0	0	0	2008	145000
211	5604	1	0	1	1	1	1	1925	1950	468	0	396	864	0	864	0	0	864	1	0	1	0	2	1	5	0	0	0	1	0	0	96	0	0	0	0	2008	98000
212	10420	1	0	1	1	1	1	2009	2009	36	0	1176	1212	1	1212	0	0	1212	0	0	2	0	3	1	6	0	2	460	1	100	22	0	0	0	0	0	2010	186000
213	8640	1	0	1	1	1	1	2009	2009	822	0	78	900	1	932	920	0	1852	1	0	2	1	3	1	7	1	2	644	1	168	108	0	0	0	0	0	2009	252678
214	13568	1	0	0	1	1	1	1995	1995	716	0	274	990	1	990	0	0	990	0	1	1	0	3	1	5	0	2	576	1	224	0	0	0	0	0	0	2006	156000
215	10900	1	0	0	1	1	1	1977	1977	378	0	311	689	1	689	703	0	1392	0	0	1	1	3	1	6	0	1	299	1	0	36	0	0	0	0	450	2010	161750
216	10011	1	0	0	1	1	1	1957	1996	360	0	710	1070	1	1236	0	0	1236	0	1	1	0	2	1	6	1	1	447	1	0	0	0	0	0	0	0	2006	134450
217	8450	1	0	1	1	1	1	2004	2004	946	0	490	1436	1	1436	0	0	1436	1	0	2	0	3	1	8	0	2	484	1	139	98	0	0	0	0	0	2008	210000
218	9906	1	1	1	1	1	1	1925	1950	0	0	686	686	0	810	518	0	1328	0	0	1	0	3	1	8	0	1	210	1	0	172	60	0	0	0	0	2006	107000
219	15660	1	0	0	1	1	1	1939	2006	341	0	457	798	1	1137	817	0	1954	0	1	1	1	3	1	8	2	2	431	1	0	119	150	0	0	0	0	2008	311500
220	3010	1	0	1	1	1	0	2005	2006	16	0	1232	1248	1	1248	0	0	1248	0	0	2	0	2	1	5	0	2	438	1	108	0	0	0	0	0	0	2006	167240
221	8990	1	0	0	1	1	1	2006	2006	0	0	1498	1498	1	1498	0	0	1498	0	0	2	0	2	1	5	0	2	675	1	351	33	0	0	0	0	0	2006	204900
222	8068	1	0	0	1	1	1	2002	2002	0	0	1010	1010	1	1010	1257	0	2267	0	0	2	1	4	1	8	1	2	390	1	120	46	0	0	0	0	0	2009	200000
223	11475	1	0	1	1	1	1	1975	1975	550	0	163	713	1	811	741	0	1552	1	0	2	1	3	1	6	1	2	434	1	209	208	0	0	0	0	0	2006	179900
224	10500	1	0	1	1	1	1	1971	1971	524	180	160	864	1	864	0	0	864	0	0	1	0	2	1	4	0	2	576	1	216	0	0	0	0	0	0	2009	97000
225	13472	1	0	1	1	1	1	2003	2003	56	0	2336	2392	1	2392	0	0	2392	0	0	2	0	3	1	8	1	3	968	1	248	105	0	0	0	0	0	2009	386250
226	1680	1	0	1	1	1	0	1971	1971	0	0	630	630	1	630	672	0	1302	0	0	2	1	3	1	6	0	1	280	1	0	0	0	0	0	0	0	2009	112000
227	9950	1	0	0	1	1	1	1995	1995	565	0	638	1203	1	1214	1306	0	2520	0	0	2	1	4	1	9	1	3	721	1	224	114	0	0	0	0	0	2007	290000
228	1869	1	0	1	1	1	0	1970	1970	321	0	162	483	1	483	504	0	987	0	0	1	1	2	1	5	0	1	280	1	0	0	0	0	0	0	0	2008	106000
229	8521	1	0	1	1	1	1	1967	1967	842	0	70	912	1	912	0	0	912	0	0	1	0	3	1	5	1	1	336	1	0	0	0	0	0	0	0	2010	125000
230	3182	1	0	1	1	1	0	2005	2006	16	0	1357	1373	1	1555	0	0	1555	0	0	2	0	2	1	7	1	2	430	1	143	20	0	0	0	0	0	2009	192500
231	8760	1	0	1	1	1	1	1959	1959	0	0	1194	1194	1	1194	0	0	1194	1	0	1	0	3	1	6	0	1	312	1	0	0	120	0	0	0	0	2010	148000
232	15138	1	0	0	1	1	1	1995	1996	689	0	773	1462	1	1490	1304	0	2794	1	0	2	1	4	1	9	1	3	810	1	0	146	202	0	0	0	0	2009	403000
233	1680	1	0	1	1	1	0	1972	1972	0	0	483	483	1	483	504	0	987	0	0	1	1	2	1	5	1	1	288	1	0	0	0	0	0	0	0	2006	94500
234	10650	1	0	1	1	1	1	1976	1976	182	712	0	894	1	894	0	0	894	1	0	1	0	3	1	5	0	1	308	1	365	0	0	0	0	0	0	2010	128200
235	7851	1	0	1	1	1	1	2002	2002	625	0	235	860	1	860	1100	0	1960	1	0	2	1	4	1	8	2	2	440	1	288	48	0	0	0	0	0	2010	216500
236	1680	1	0	1	1	1	0	1971	1971	358	0	125	483	1	483	504	0	987	0	0	1	1	2	1	5	0	1	264	1	0	0	0	0	0	0	0	2008	89500
237	8773	1	0	1	1	1	1	2004	2004	24	0	1390	1414	1	1414	0	0	1414	0	0	2	0	3	1	6	0	2	494	1	132	105	0	0	0	0	0	2010	185500
238	9453	1	0	0	1	1	1	1993	2003	402	0	594	996	1	1014	730	0	1744	0	0	2	1	3	1	7	0	2	457	1	370	70	0	238	0	0	0	2010	194500
239	12030	1	0	1	1	1	1	2007	2007	0	0	1694	1694	1	1694	0	0	1694	0	0	2	0	3	1	7	0	3	818	1	168	228	0	0	0	0	0	2007	318000
240	8741	1	0	1	1	1	1	1945	1950	94	0	641	735	1	798	689	0	1487	0	0	1	1	3	1	7	1	1	220	1	0	140	0	0	0	0	0	2010	113000
241	9000	1	0	1	1	1	1	2008	2008	1078	0	488	1566	1	1566	0	0	1566	1	0	2	0	3	1	7	0	2	750	1	144	168	0	0	0	0	0	2010	262500
242	3880	1	0	1	1	1	1	1945	1997	329	0	357	686	1	866	0	0	866	0	0	1	0	2	1	4	0	0	0	1	58	42	0	0	0	0	0	2007	110500
243	5000	1	0	1	1	1	1	1900	1950	0	0	540	540	0	889	551	0	1440	0	0	1	0	3	1	6	0	1	352	1	0	0	77	0	0	0	0	2006	79000
244	10762	1	0	1	1	1	0	1980	1980	0	0	626	626	1	626	591	0	1217	0	0	1	1	3	1	6	1	1	288	1	0	28	0	0	0	0	0	2009	120000
245	8880	1	0	0	1	1	1	1994	2002	695	0	253	948	1	1222	888	0	2110	1	0	2	1	3	1	8	2	2	463	1	0	130	0	0	0	0	0	2010	205000
246	10400	1	0	1	1	1	1	1988	1988	929	0	916	1845	1	1872	0	0	1872	0	1	2	0	3	1	6	1	2	604	1	197	39	0	0	0	0	0	2006	241500
247	9142	1	1	1	1	1	0	1910	1950	0	0	1020	1020	0	908	1020	0	1928	0	0	2	0	4	2	9	0	1	440	1	0	60	112	0	0	0	0	2006	137000
248	11310	1	0	1	1	1	1	1954	1954	0	0	1367	1367	1	1375	0	0	1375	0	0	1	0	2	1	5	1	2	451	1	0	30	0	0	0	0	0	2006	140000
249	11317	1	0	1	1	1	1	2003	2003	0	0	840	840	1	840	828	0	1668	0	0	2	1	3	1	8	0	2	500	1	144	68	0	0	0	0	0	2007	180000
250	159000	1	0	0	0	0	1	1958	2006	697	0	747	1444	1	1444	700	0	2144	0	1	2	0	4	1	7	2	2	389	1	0	98	0	0	0	0	500	2007	277000
251	5350	1	0	0	1	1	1	1940	1966	0	0	728	728	1	1306	0	0	1306	0	0	1	0	3	1	6	0	0	0	1	263	0	0	0	0	0	450	2010	76500
252	4750	1	0	0	0	0	0	2006	2007	1573	0	0	1573	1	1625	0	0	1625	1	1	2	0	2	1	5	1	2	538	1	123	0	0	0	153	0	0	2007	235000
253	8366	1	0	0	1	1	1	2004	2004	0	0	798	798	1	798	842	0	1640	0	0	2	1	3	1	6	0	2	520	1	138	45	0	0	0	0	0	2008	173000
254	9350	1	0	1	1	1	1	1964	1991	270	580	452	1302	1	1302	0	0	1302	0	1	2	0	3	1	7	0	1	309	1	333	0	0	0	0	0	0	2007	158000
255	8400	1	0	1	1	1	1	1957	1957	922	0	392	1314	1	1314	0	0	1314	1	0	1	0	3	1	5	0	1	294	1	250	0	0	0	0	0	0	2010	145000
256	8738	1	0	0	1	1	1	1999	1999	0	0	975	975	1	1005	1286	0	2291	0	0	2	1	4	1	8	1	2	429	1	192	0	0	0	0	0	0	2006	230000
257	8791	1	0	0	1	1	1	2003	2003	503	0	361	864	1	864	864	0	1728	0	0	2	1	3	1	7	0	2	673	1	216	56	0	0	0	0	0	2008	207500
258	8814	1	0	1	1	1	1	2006	2006	1334	0	270	1604	1	1604	0	0	1604	1	0	2	1	3	1	8	1	2	660	1	123	110	0	0	0	0	0	2009	220000
259	12435	1	0	1	1	1	1	2001	2001	361	0	602	963	1	963	829	0	1792	0	0	2	1	3	1	7	1	2	564	1	0	96	0	245	0	0	0	2008	231500
260	12702	1	0	1	1	1	1	1956	1956	0	0	0	0	1	882	0	0	882	0	0	1	0	2	1	4	0	1	308	1	0	45	0	0	0	0	0	2008	97000
261	19296	1	0	1	1	1	1	1962	1962	672	690	0	1362	1	1382	0	0	1382	1	0	1	0	3	1	6	1	2	884	1	0	0	252	0	0	0	0	2009	176000
262	9588	1	0	0	1	1	1	2007	2007	0	0	1482	1482	1	1482	1092	0	2574	0	0	2	1	3	1	10	1	3	868	1	0	148	0	0	0	0	0	2007	276000
263	8471	1	0	0	1	1	1	1977	1995	506	0	0	506	1	1212	0	0	1212	1	0	1	0	3	1	6	1	2	492	1	292	12	0	0	0	0	0	2006	151000
264	5500	1	0	1	1	1	1	1929	2001	234	692	0	926	1	926	0	390	1316	1	0	1	0	3	1	6	0	2	484	1	0	0	0	0	0	0	0	2010	130000
265	5232	1	1	0	0	1	1	1925	2004	0	0	680	680	0	764	0	0	764	0	0	1	0	2	1	4	0	2	504	0	0	0	0	0	0	0	0	2008	73000
266	12090	1	0	0	1	1	1	1981	1981	588	228	606	1422	1	1422	0	0	1422	0	0	2	0	3	1	7	1	2	576	1	276	0	0	0	0	0	0	2008	175500
267	11207	1	0	0	0	1	1	1997	1997	714	0	88	802	1	802	709	0	1511	1	0	2	1	3	1	8	1	2	413	1	95	75	0	0	0	0	0	2006	185000
268	8400	1	0	1	0	0	1	1939	1997	378	0	342	720	1	1052	720	420	2192	0	0	2	1	4	1	8	1	1	240	1	262	24	0	0	0	0	0	2008	179500
269	6900	1	0	1	1	1	1	1940	1955	403	125	212	740	1	778	0	0	778	0	0	1	0	2	1	4	1	1	924	1	0	25	0	0	0	0	0	2008	120500
270	7917	1	0	0	1	1	1	1976	1976	751	0	392	1143	1	1113	0	0	1113	1	0	1	1	3	1	6	1	1	504	1	370	30	0	0	0	0	0	2007	148000
271	10728	1	0	1	1	1	1	2006	2006	0	0	1095	1095	1	1095	844	0	1939	0	0	2	1	3	1	8	1	3	1053	1	192	51	0	0	0	0	0	2006	266000
272	39104	1	0	0	0	0	1	1954	2005	226	1063	96	1385	1	1363	0	0	1363	1	0	1	0	2	1	5	2	2	439	1	81	0	0	0	0	0	0	2008	241500
273	11764	1	0	0	1	1	1	1999	2007	524	0	628	1152	1	1164	1106	0	2270	0	0	2	1	4	1	9	1	3	671	1	132	57	0	0	0	0	0	2010	290000
274	9600	1	0	1	1	1	1	1958	1988	620	620	0	1240	1	1632	0	0	1632	1	0	2	0	3	1	6	1	1	338	1	289	0	0	0	0	0	0	2009	139000
275	8314	1	0	1	1	1	1	1982	1982	546	0	270	816	1	816	0	0	816	0	0	1	0	2	1	5	0	1	264	1	168	0	0	0	0	0	0	2007	124500
276	7264	1	0	1	1	1	1	1925	2007	0	0	952	952	0	952	596	0	1548	0	0	2	1	3	1	5	0	2	672	1	74	0	0	0	144	0	0	2009	205000
277	9196	1	0	0	1	1	1	2003	2003	0	0	1560	1560	1	1560	0	0	1560	0	0	2	0	3	1	7	0	2	573	1	100	150	0	0	0	0	0	2010	201000
278	19138	1	0	1	1	1	1	1951	1951	120	0	744	864	1	864	0	0	864	0	0	1	0	2	1	4	0	2	400	1	0	0	0	0	0	0	0	2010	141000
279	14450	1	0	1	1	1	1	2006	2007	0	0	2121	2121	1	2121	0	0	2121	0	0	2	1	3	1	8	1	3	732	1	124	98	0	0	142	0	0	2007	415298
280	10005	1	0	1	1	1	1	1977	1977	392	0	768	1160	1	1156	866	0	2022	0	0	2	1	4	1	8	1	2	505	1	288	117	0	0	0	0	0	2008	192000
281	11287	1	0	1	1	1	1	1989	1989	421	0	386	807	1	1175	807	0	1982	0	0	2	1	3	1	7	1	2	575	1	0	84	0	196	0	0	0	2007	228500
282	7200	1	1	1	1	1	1	2006	2006	905	0	357	1262	1	1262	0	0	1262	0	0	2	0	2	1	5	0	2	572	1	0	120	0	0	0	0	0	2006	185000
283	5063	1	0	1	1	1	0	2007	2008	904	0	410	1314	1	1314	0	0	1314	1	0	2	0	2	1	6	1	2	626	1	172	62	0	0	0	0	0	2009	207500
284	9612	1	0	1	1	1	1	2008	2009	0	0	1468	1468	1	1468	0	0	1468	0	0	2	0	3	1	6	1	3	898	1	210	150	0	0	0	0	0	2009	244600
285	8012	1	0	1	1	1	0	1992	1992	430	0	1145	1575	1	1575	0	0	1575	1	0	2	0	2	1	5	0	2	529	1	0	0	52	0	0	0	0	2007	179200
286	4251	1	1	0	1	1	0	2006	2007	0	0	625	625	1	625	625	0	1250	0	0	2	1	2	1	5	0	2	528	1	0	54	0	0	0	0	0	2007	164700
287	9786	1	0	0	0	1	1	1962	1981	600	0	312	912	1	1085	649	0	1734	0	0	1	1	3	1	7	1	2	440	1	0	0	0	0	128	0	0	2006	159000
288	8125	1	0	0	1	1	1	1971	1971	614	0	244	858	1	858	0	0	858	0	0	1	0	3	1	5	0	0	0	1	0	0	0	0	0	0	0	2006	88000
289	9819	1	0	0	1	1	1	1967	1967	450	0	432	882	1	900	0	0	900	0	0	1	0	3	1	5	0	1	280	1	0	0	0	0	0	0	0	2010	122000
290	8730	1	0	1	1	1	1	1915	2003	0	0	698	698	1	698	698	0	1396	0	0	1	0	3	1	7	0	1	384	1	0	0	0	0	259	0	0	2007	153575
291	15611	1	0	1	1	1	1	2006	2006	0	0	1079	1079	1	1079	840	0	1919	0	0	2	1	3	1	8	1	2	685	1	0	51	0	0	0	0	0	2006	233230
292	5687	1	1	1	0	1	0	1912	2000	210	0	570	780	0	936	780	0	1716	1	0	2	0	6	1	9	0	0	0	0	0	184	0	0	0	0	0	2008	135900
293	11409	1	0	1	1	1	1	1949	2008	292	0	476	768	1	1148	568	0	1716	0	0	1	1	3	1	8	1	1	281	1	0	0	0	0	160	0	0	2009	131000
294	16659	1	0	0	1	1	1	1977	1994	795	0	0	795	1	1468	795	0	2263	1	0	2	1	3	1	9	1	2	539	1	0	250	0	0	0	0	0	2006	235000
295	9600	1	0	1	1	1	1	1953	1953	1285	0	131	1416	1	1644	0	0	1644	1	0	1	0	3	1	7	2	2	418	1	110	0	0	0	0	0	0	2009	167000
296	7937	1	0	0	1	1	1	1984	1984	819	0	184	1003	1	1003	0	0	1003	1	0	1	0	3	1	6	0	2	588	1	120	0	0	0	0	0	0	2006	142500
297	13710	1	0	1	1	1	1	1950	1950	420	0	490	910	1	910	648	0	1558	0	0	1	1	4	1	6	0	1	282	1	289	0	0	0	0	0	0	2007	152000
298	7399	1	1	0	1	1	1	1997	1998	649	0	326	975	1	975	975	0	1950	0	0	2	1	3	1	7	1	2	576	1	0	10	0	0	198	0	0	2007	239000
299	11700	1	0	1	1	1	1	1968	1968	384	175	143	702	1	1041	702	0	1743	0	1	1	2	3	1	7	1	2	539	1	224	0	0	0	0	0	0	2007	175000
300	14000	1	0	1	1	1	1	1950	2004	0	0	1092	1092	1	1152	0	0	1152	0	1	1	0	3	1	6	1	1	300	1	0	36	0	0	0	0	0	2009	158500
301	15750	1	0	1	1	1	0	1953	1953	841	0	324	1165	1	1336	0	0	1336	1	0	1	0	2	1	5	2	1	375	1	0	0	0	0	0	0	0	2006	157000
302	16226	1	0	0	1	1	1	1998	1999	281	0	747	1028	1	1210	1242	0	2452	0	0	2	1	4	1	9	1	2	683	1	208	50	0	0	0	0	0	2007	267000
303	13704	1	0	0	1	1	1	2001	2002	0	0	1541	1541	1	1541	0	0	1541	0	0	2	0	3	1	6	1	3	843	1	468	81	0	0	0	0	0	2006	205000
304	9800	1	0	1	1	1	1	1972	1972	894	0	0	894	1	894	0	0	894	1	0	1	0	3	1	5	0	2	552	1	256	0	0	0	0	0	0	2006	149900
305	18386	1	0	1	1	1	1	1880	2002	0	0	1470	1470	1	1675	1818	0	3493	0	0	3	0	3	1	10	1	3	870	1	302	0	0	0	0	0	0	2008	295000
306	10386	1	0	1	1	1	1	2004	2005	1464	0	536	2000	1	2000	0	0	2000	1	0	2	0	3	1	8	0	3	888	1	168	0	0	0	0	0	0	2007	305900
307	13474	1	0	1	1	1	1	1990	1991	700	0	0	700	1	1122	1121	0	2243	1	0	2	1	4	1	8	1	3	746	1	127	44	224	0	0	0	0	2007	225000
308	7920	1	1	0	1	1	1	1920	1950	0	0	319	319	1	1035	371	0	1406	0	0	1	0	3	1	6	0	0	0	0	0	144	0	0	0	0	0	2008	89500
309	12342	1	0	0	1	1	1	1940	1950	262	0	599	861	1	861	0	0	861	0	0	1	0	1	1	4	0	2	539	1	158	0	0	0	0	0	0	2009	82500
310	12378	1	0	0	1	1	1	2003	2004	1274	0	622	1896	1	1944	0	0	1944	1	0	2	0	3	1	8	3	3	708	1	208	175	0	0	0	0	0	2006	360000
311	7685	1	0	0	1	1	1	1993	1994	518	0	179	697	1	697	804	0	1501	0	0	2	1	3	1	6	1	2	420	1	190	63	0	0	0	0	0	2006	165600
312	8000	1	0	1	1	1	1	1948	2002	680	0	292	972	1	972	0	0	972	1	0	1	0	2	1	5	1	1	240	1	0	0	0	0	0	0	0	2009	132000
313	7800	1	0	1	1	1	0	1939	1950	507	0	286	793	1	793	325	0	1118	1	0	1	0	3	1	5	1	2	410	1	0	0	0	0	271	0	0	2006	119900
314	215245	1	0	0	0	0	1	1965	1965	1236	820	80	2136	1	2036	0	0	2036	2	0	2	0	3	1	8	2	2	513	1	0	0	0	0	0	0	0	2009	375000
315	9600	1	1	1	1	1	1	1925	1990	16	0	712	728	1	832	809	0	1641	0	1	1	1	3	1	6	1	2	546	1	0	0	234	0	0	0	0	2006	178000
316	7795	1	0	0	1	1	1	2004	2005	425	0	291	716	1	716	716	0	1432	1	0	2	1	3	1	6	1	2	432	1	100	51	0	0	0	0	0	2009	188500
317	13005	1	0	0	1	1	1	1980	1980	692	0	153	845	1	1153	1200	0	2353	1	0	2	1	4	1	10	1	2	484	1	288	195	0	0	0	0	0	2009	260000
318	9000	1	0	1	1	1	1	2006	2006	0	0	1088	1088	1	1088	871	0	1959	0	0	2	1	3	1	8	1	3	1025	1	208	46	0	0	0	0	0	2007	270000
319	9900	1	0	1	0	0	1	1993	1993	987	0	360	1347	1	1372	1274	0	2646	1	0	2	1	4	1	9	1	3	656	1	340	60	144	0	0	0	0	2009	260000
320	14115	1	0	1	1	1	1	1980	1980	1036	0	336	1372	1	1472	0	0	1472	1	0	2	0	3	1	6	2	2	588	1	233	48	0	0	0	0	0	2009	187500
321	16259	1	0	1	1	1	1	2006	2006	0	0	1249	1249	1	1249	1347	0	2596	0	0	3	1	4	1	9	0	3	840	1	240	154	0	0	0	0	0	2006	342643
322	12099	1	0	0	1	1	1	2004	2004	970	0	166	1136	1	1136	1332	0	2468	1	0	2	1	4	1	10	1	3	872	1	184	154	0	0	0	0	0	2007	354000
323	10380	1	0	0	1	1	1	1986	1987	28	1474	0	1502	1	1553	1177	0	2730	1	0	2	1	4	1	8	1	2	576	1	201	96	0	0	0	0	0	2007	301000
324	5820	1	0	1	1	1	1	1955	2005	256	0	906	1162	1	1163	0	0	1163	1	0	1	0	3	1	6	0	1	220	1	142	98	0	0	0	0	0	2006	126175
325	11275	1	0	1	1	1	1	1967	2007	0	0	710	710	1	1898	1080	0	2978	0	0	2	1	5	1	11	1	2	564	1	240	0	0	0	0	0	0	2010	242000
326	5000	1	0	1	1	1	1	1941	1950	116	0	604	720	0	803	0	0	803	0	0	1	0	2	1	5	0	2	360	1	0	0	244	0	0	0	0	2007	87000
327	10846	1	0	0	1	1	0	1993	1993	1619	0	100	1719	1	1719	0	0	1719	2	0	1	1	1	1	6	2	2	473	1	122	30	0	0	0	0	0	2008	324000
328	11600	1	0	1	1	1	1	1960	1960	565	0	818	1383	1	1383	0	0	1383	0	0	1	1	3	1	7	0	1	292	1	0	45	0	0	0	0	0	2006	145250
329	11888	1	1	0	0	1	1	1916	1994	0	0	844	844	0	1445	689	0	2134	0	0	2	0	5	1	10	0	2	441	1	0	60	268	0	0	0	0	2009	214500
330	6402	1	0	1	1	1	1	1920	1950	0	0	596	596	0	596	596	0	1192	0	0	1	0	3	1	6	0	1	189	0	0	0	137	0	0	0	0	2009	78000
331	10624	1	0	0	1	1	0	1964	1964	40	264	1424	1728	1	1728	0	0	1728	0	1	2	0	6	2	10	0	1	352	1	155	0	0	0	0	0	0	2007	119000
332	8176	1	0	1	1	1	1	1958	1992	846	0	210	1056	1	1056	0	0	1056	1	0	1	0	3	1	6	0	1	308	1	0	0	0	0	0	0	0	2007	139000
333	10655	1	0	0	1	1	1	2003	2004	1124	479	1603	3206	1	1629	0	0	1629	1	0	2	0	3	1	7	1	3	880	1	0	0	0	0	0	0	0	2009	284000
334	8198	1	0	1	1	1	0	2004	2004	720	0	638	1358	1	1358	0	0	1358	1	0	2	0	2	1	6	1	2	484	1	192	30	0	0	0	0	0	2008	207000
335	9042	1	0	0	1	1	1	1998	1998	828	0	115	943	1	943	695	0	1638	1	0	2	1	3	1	7	2	2	472	1	100	38	0	0	0	0	0	2008	192000
336	164660	0	0	0	0	0	0	1965	1965	1249	147	103	1499	1	1619	167	0	1786	2	0	2	0	3	1	7	2	2	529	1	670	0	0	0	0	0	700	2008	228950
337	14157	1	0	0	0	1	1	2005	2006	1249	0	673	1922	1	1922	0	0	1922	1	0	2	0	3	1	8	1	3	676	1	178	51	0	0	0	0	0	2007	377426
338	9135	1	0	1	1	1	1	2002	2003	810	0	726	1536	1	1536	0	0	1536	1	0	2	0	3	1	7	0	2	532	1	192	74	0	0	0	0	0	2008	214000
339	14145	1	0	1	1	1	1	1984	1998	213	0	995	1208	1	1621	0	0	1621	1	0	2	0	3	1	8	0	2	440	1	108	45	0	0	0	0	400	2006	202500
340	12400	1	0	0	1	1	1	1958	1998	585	0	630	1215	1	1215	0	0	1215	0	0	1	0	3	1	6	0	1	297	1	0	0	0	0	234	0	0	2009	155000
341	14191	1	0	1	1	1	1	2002	2002	0	0	967	967	1	993	915	0	1908	0	0	2	1	4	1	9	0	2	431	1	135	0	0	0	0	0	0	2010	202900
342	8400	1	0	1	1	1	1	1950	1950	0	0	721	721	1	841	0	0	841	0	0	1	0	2	1	4	0	1	294	0	250	0	24	0	0	0	0	2009	82000
343	8544	1	0	1	1	1	0	1949	1950	0	0	0	0	0	1040	0	0	1040	0	0	2	0	2	2	6	0	2	400	1	0	0	0	0	0	0	0	2006	87500
344	8849	1	0	0	1	1	0	2005	2005	28	0	1656	1684	1	1684	0	0	1684	0	0	2	0	2	1	6	1	2	564	1	495	72	0	0	0	0	0	2008	266000
345	2592	1	0	1	1	1	0	1976	1976	129	232	175	536	1	536	576	0	1112	0	0	1	1	3	1	4	0	1	336	1	182	0	0	0	0	0	0	2010	85000
346	6435	1	0	1	1	1	1	1939	1950	0	0	972	972	1	972	605	0	1577	0	0	1	0	3	1	6	1	1	312	1	0	0	0	0	0	0	0	2006	140200
347	12772	1	0	0	1	1	1	1960	1998	498	0	460	958	1	958	0	0	958	0	0	1	0	2	1	5	0	1	301	1	0	0	0	0	0	0	15500	2007	151500
348	17600	1	0	0	1	1	1	1960	1960	1270	0	208	1478	1	1478	0	0	1478	1	0	2	0	3	1	6	2	2	498	1	0	40	0	0	0	0	0	2009	157500
349	2448	1	0	1	1	1	0	2003	2004	573	0	191	764	1	764	862	0	1626	1	0	2	1	2	1	6	0	2	474	1	0	27	0	0	0	0	0	2008	154000
350	20431	1	0	0	1	1	1	2005	2006	1410	0	438	1848	1	1848	880	0	2728	1	0	2	1	4	1	10	2	3	706	1	0	0	0	0	0	0	0	2006	437154
351	7820	1	0	0	1	1	0	2007	2007	0	0	1869	1869	1	1869	0	0	1869	0	0	2	0	2	1	6	1	2	617	1	210	54	0	0	0	0	0	2007	318061
352	5271	1	0	0	0	0	1	1986	1986	1082	0	371	1453	1	1453	0	0	1453	1	0	1	1	2	1	6	1	2	445	1	0	80	0	0	184	0	0	2006	190000
353	9084	1	0	1	1	1	1	1941	1950	236	380	0	616	0	616	495	0	1111	0	1	1	0	3	1	5	0	1	200	1	48	0	0	0	0	0	0	2008	95000
354	8520	1	0	1	1	1	1	1928	2003	0	0	624	624	1	720	0	0	720	0	0	1	0	2	1	5	0	2	484	1	106	0	0	0	0	0	0	2010	105900
355	8400	1	0	1	0	1	1	1940	2000	388	0	552	940	1	1192	403	0	1595	0	0	1	0	2	1	6	2	1	240	1	0	0	108	0	0	0	0	2006	140000
356	11249	1	0	0	1	1	1	1995	1995	334	544	322	1200	1	1200	0	0	1200	1	0	2	0	3	1	6	0	2	521	1	0	26	0	0	0	0	0	2007	177500
357	9248	1	0	0	1	1	1	1992	1992	560	0	598	1158	1	1167	0	0	1167	1	0	2	0	3	1	6	0	2	400	1	120	26	0	0	0	0	0	2009	173000
358	4224	1	0	1	1	1	0	1976	1976	874	0	268	1142	1	1142	0	0	1142	1	0	1	1	3	1	6	1	2	528	1	536	90	0	0	0	0	0	2007	134000
359	6930	1	0	0	1	1	1	1958	1958	300	294	468	1062	1	1352	0	0	1352	0	1	1	0	3	1	6	0	1	288	1	168	0	294	0	0	0	0	2006	130000
360	12011	1	0	0	1	1	1	1998	1998	956	0	130	1086	1	1086	838	0	1924	1	0	2	1	3	1	7	1	2	592	1	208	75	0	0	374	0	0	2006	280000
361	7540	1	0	0	1	1	1	1978	1978	773	0	115	888	1	912	0	0	912	1	0	1	0	2	1	5	1	2	470	1	0	0	0	0	192	0	0	2007	156000
362	9144	1	1	1	1	1	1	1940	1982	399	0	484	883	1	988	517	0	1505	1	0	1	0	3	1	8	0	1	240	0	0	0	0	0	0	0	0	2008	145000
363	7301	1	0	1	1	1	1	2003	2003	0	0	0	0	1	495	1427	0	1922	0	0	3	0	4	1	7	1	2	672	1	0	0	177	0	0	0	0	2009	198500
364	1680	1	0	1	1	1	0	1972	2007	162	0	321	483	1	483	504	0	987	0	0	1	1	2	1	5	0	1	264	1	250	0	0	0	0	0	0	2009	118000
365	18800	1	0	0	1	1	1	1976	1976	712	0	84	796	1	790	784	0	1574	1	0	2	1	3	1	6	1	2	566	1	306	111	0	0	0	0	0	2006	190000
366	10690	1	0	1	1	1	1	1920	1997	456	0	216	672	1	672	672	0	1344	0	0	1	0	3	1	6	0	1	468	1	0	128	218	0	0	0	0	2009	147000
367	9500	1	0	0	1	1	1	1963	1963	609	0	785	1394	1	1394	0	0	1394	1	0	1	1	3	1	6	2	2	514	1	0	76	0	0	185	0	0	2009	159000
368	9150	1	0	0	1	1	1	1962	1962	371	0	728	1099	1	1431	0	0	1431	0	1	1	0	3	1	6	1	1	296	1	64	110	0	0	0	0	0	2008	165000
369	7800	1	0	1	1	1	1	1954	1954	540	0	728	1268	1	1268	0	0	1268	0	0	1	0	2	1	7	1	1	244	1	0	98	0	0	0	0	0	2010	132000
370	9830	1	0	0	1	1	1	1959	2006	72	258	733	1063	1	1287	0	0	1287	1	0	1	0	3	1	7	1	2	576	1	364	17	0	0	182	0	0	2010	162000
371	8121	1	0	0	1	1	1	2000	2000	0	0	953	953	1	953	711	0	1664	0	0	2	1	3	1	7	1	2	460	1	100	40	0	0	0	0	0	2006	172400
372	17120	1	0	1	1	1	1	1959	1959	0	0	0	0	1	1120	468	0	1588	0	0	2	0	4	1	7	1	2	680	0	0	59	0	0	0	0	0	2008	134432
373	7175	1	0	1	1	1	0	1984	1984	623	121	0	744	1	752	0	0	752	1	0	1	0	2	1	4	0	1	264	1	353	0	0	0	90	0	0	2010	125000
374	10634	1	0	1	1	1	1	1953	1953	428	180	0	608	1	1319	0	0	1319	1	0	1	0	3	1	5	0	1	270	1	66	0	0	0	0	0	0	2009	123000
375	8200	1	0	1	1	1	1	2003	2004	0	0	847	847	1	847	1081	0	1928	0	0	2	1	4	1	8	1	2	434	1	100	48	0	0	0	0	0	2007	219500
376	10020	1	0	0	0	0	1	1922	1950	350	0	333	683	0	904	0	0	904	1	0	0	1	1	1	4	0	0	0	1	0	0	0	0	0	0	0	2009	61000
377	8846	1	0	0	1	1	1	1996	1996	298	0	572	870	1	914	0	0	914	0	0	1	0	2	1	5	0	2	576	1	0	0	0	0	0	0	0	2006	148000
378	11143	1	0	0	1	1	1	2004	2005	0	0	1580	1580	1	1580	886	0	2466	0	0	3	0	4	1	8	1	2	610	1	159	214	0	0	0	0	0	2007	340000
379	11394	1	0	1	1	1	1	2010	2010	1445	0	411	1856	1	1856	0	0	1856	1	0	1	1	1	1	8	1	3	834	1	113	0	0	0	0	0	0	2010	394432
380	8123	1	0	0	1	1	1	2000	2000	0	0	982	982	1	1007	793	0	1800	0	0	2	1	3	1	7	1	2	463	1	100	63	0	0	0	0	0	2009	179000
381	5000	1	1	1	1	1	1	1924	1950	218	0	808	1026	1	1026	665	0	1691	0	0	2	0	3	1	6	1	1	308	1	0	0	242	0	0	0	0	2010	127000
382	7200	1	1	1	1	1	1	2006	2006	0	0	1293	1293	1	1301	0	0	1301	1	0	2	0	2	1	5	1	2	572	1	216	121	0	0	0	0	0	2006	187750
383	9245	1	0	0	1	1	1	2006	2006	0	0	939	939	1	939	858	0	1797	0	0	2	1	3	1	8	0	2	639	1	144	53	0	0	0	0	0	2007	213500
384	9000	1	0	1	1	1	1	1928	1950	0	0	784	784	0	784	0	0	784	0	0	1	0	2	1	5	0	2	360	0	0	0	91	0	0	0	0	2009	76000
385	53107	1	0	0	0	0	1	1992	1992	985	0	595	1580	1	1079	874	0	1953	1	0	2	1	3	1	9	2	2	501	1	216	231	0	0	0	0	0	2007	240000
386	3182	1	0	1	1	1	0	2004	2005	24	0	1232	1256	1	1269	0	0	1269	0	0	2	0	2	1	6	1	2	430	1	146	20	0	0	144	0	0	2010	192000
387	8410	1	0	1	1	1	1	1910	1996	0	0	658	658	1	658	526	0	1184	0	0	1	0	5	1	8	0	0	0	0	0	151	0	0	0	0	0	2006	81000
388	7200	1	0	1	1	1	1	1976	1976	631	0	410	1041	1	1125	0	0	1125	1	0	1	0	3	1	6	1	1	352	1	296	0	0	0	0	0	0	2009	125000
389	9382	1	0	0	1	1	1	1999	2000	0	0	1468	1468	1	1479	0	0	1479	0	0	2	0	3	1	6	0	2	577	1	120	25	0	0	0	0	0	2008	191000
390	12474	1	0	1	1	1	1	2007	2008	1280	0	402	1682	1	1742	590	0	2332	1	0	2	1	3	1	9	1	3	846	1	196	134	0	0	0	0	0	2008	426000
391	8405	1	1	1	1	1	1	1900	1950	241	391	229	861	1	961	406	0	1367	1	0	1	0	4	1	7	0	1	384	1	0	130	112	0	0	0	0	2008	119000
392	12209	1	0	0	1	1	1	2001	2002	690	0	114	804	1	804	1157	0	1961	1	0	2	1	3	1	7	1	2	560	1	125	192	0	0	0	0	0	2009	215000
393	8339	1	0	0	1	1	1	1959	1959	0	0	0	0	1	882	0	0	882	0	0	1	0	3	1	5	0	1	294	1	0	0	0	0	0	0	1200	2007	106500
394	7446	1	0	1	1	1	1	1941	1950	266	0	522	788	1	788	0	0	788	0	0	1	0	2	1	4	2	0	0	1	0	0	0	0	0	0	0	2006	100000
395	10134	1	0	1	1	1	1	1940	1950	0	0	735	735	1	735	299	0	1034	0	0	1	0	2	1	5	0	1	240	1	0	39	0	0	0	0	0	2007	109000
396	9571	1	0	1	1	1	1	1956	1956	739	0	405	1144	1	1144	0	0	1144	1	0	1	0	3	1	6	0	1	596	1	44	0	0	0	0	0	0	2010	129000
397	7200	1	0	1	0	1	1	1972	1972	777	0	117	894	1	894	0	0	894	0	0	1	0	2	1	6	0	2	600	1	215	0	0	0	0	0	0	2009	123000
398	7590	1	0	1	1	1	1	1962	1962	540	0	324	864	1	876	936	0	1812	0	0	2	0	4	1	8	1	1	264	1	0	168	0	0	0	0	0	2007	169500
399	8967	1	0	1	1	1	1	1920	1950	0	0	961	961	1	1077	0	0	1077	0	0	1	0	2	1	6	0	1	338	0	0	0	0	0	0	0	0	2007	67000
400	8125	1	0	1	1	1	1	2006	2007	812	0	280	1092	1	1112	438	0	1550	1	0	2	0	2	1	7	0	2	438	1	0	168	0	0	0	0	0	2009	241000
401	14963	1	0	0	1	1	0	1996	1996	786	0	474	1260	1	1288	0	0	1288	1	0	1	1	1	1	4	2	2	500	1	120	30	0	0	224	0	0	2008	245500
402	8767	1	0	0	1	1	1	2005	2005	24	0	1286	1310	1	1310	0	0	1310	0	0	2	0	3	1	6	1	2	400	1	0	0	0	0	0	0	0	2006	164990
403	10200	1	0	1	1	1	1	1940	1997	0	0	672	672	1	672	0	0	672	0	0	1	0	2	1	4	0	1	240	0	168	0	0	0	0	0	0	2008	108000
404	12090	1	0	1	1	1	1	1998	1998	0	0	1141	1141	1	1165	1098	0	2263	0	0	2	1	4	1	10	1	2	420	1	144	123	0	0	0	0	0	2006	258000
405	10364	1	0	0	1	1	1	1995	1996	0	0	806	806	1	806	766	0	1572	0	0	2	1	3	1	7	1	2	373	1	0	40	0	0	0	0	0	2007	168000
406	9991	1	0	0	1	1	1	1976	1993	1116	0	165	1281	1	1620	0	0	1620	1	0	2	0	3	1	8	1	2	490	1	120	78	0	0	0	0	0	2009	150000
407	10480	1	0	1	1	1	1	1936	1950	0	0	1064	1064	1	1166	0	473	1639	0	0	1	0	3	1	6	0	1	240	1	0	0	0	0	0	0	0	2008	115000
408	15576	1	0	1	1	1	1	1915	1976	0	0	840	840	1	840	840	0	1680	0	0	2	0	4	1	8	0	1	308	1	0	0	160	0	0	0	0	2008	177000
409	14154	1	0	1	1	1	1	2006	2006	0	0	1063	1063	1	1071	1101	0	2172	0	0	2	1	3	1	9	1	3	947	1	192	62	0	0	0	0	0	2007	280000
410	10800	1	0	1	1	1	1	2007	2008	789	0	245	1034	1	1050	1028	0	2078	1	0	2	1	3	1	8	1	3	836	1	0	102	0	0	0	0	0	2008	339750
411	9571	1	0	1	1	1	1	1958	1958	0	0	1276	1276	1	1276	0	0	1276	0	0	1	0	3	1	5	0	1	350	1	0	0	0	0	0	0	0	2009	60000
412	34650	1	0	1	0	1	0	1955	1955	1056	0	0	1056	0	1056	0	0	1056	1	0	1	0	3	1	5	0	2	572	1	264	0	0	0	0	0	0	2006	145000
413	4403	1	0	0	1	1	1	2009	2009	578	0	892	1470	1	1478	0	0	1478	1	0	2	1	2	1	7	1	2	484	1	0	144	0	0	0	0	0	2010	222000
414	8960	1	1	1	1	1	1	1927	1950	0	0	1008	1008	1	1028	0	0	1028	0	0	1	0	2	1	5	1	2	360	1	0	0	130	0	0	0	0	2010	115000
415	11228	1	0	0	1	1	1	1993	1993	50	531	499	1080	1	1080	1017	0	2097	0	1	2	1	3	1	9	1	3	678	1	196	187	0	0	0	0	0	2008	228000
416	8899	1	0	0	1	1	1	2007	2007	24	0	1316	1340	1	1340	0	0	1340	0	0	2	0	3	1	6	0	2	396	1	100	30	0	0	0	0	0	2007	181134
417	7844	1	0	1	1	1	1	1978	1978	209	0	463	672	1	672	728	0	1400	0	0	1	1	3	1	6	1	2	440	1	0	0	0	0	0	0	0	2006	149500
418	22420	1	0	0	1	1	1	1918	1950	1128	0	242	1370	0	1370	1254	0	2624	1	0	2	1	4	1	10	1	3	864	0	0	0	0	0	0	0	0	2007	239000
419	8160	1	0	1	1	1	1	1940	1950	312	0	444	756	0	756	378	0	1134	1	0	1	1	3	1	7	0	1	240	0	0	0	0	0	0	0	0	2007	126000
420	8450	1	0	1	1	1	1	1968	1968	775	0	281	1056	1	1056	0	0	1056	1	0	1	0	3	1	6	1	1	304	1	0	85	184	0	0	0	0	2010	142000
421	7060	1	0	1	1	1	0	1997	1998	1309	0	35	1344	1	1344	0	0	1344	2	0	2	0	2	2	8	0	4	784	1	0	0	0	0	0	0	0	2008	206300
422	16635	1	0	0	1	1	1	1977	2000	1246	0	356	1602	1	1602	0	0	1602	0	1	2	0	3	1	8	1	2	529	1	240	0	0	0	0	0	0	2009	215000
423	21750	1	0	1	0	0	1	1954	1954	0	0	988	988	1	988	0	0	988	0	0	1	0	2	1	4	0	2	520	0	0	0	0	0	0	0	0	2008	113000
424	9200	1	0	1	1	1	1	1998	1998	986	0	484	1470	1	1470	1160	0	2630	1	0	2	1	4	1	8	1	3	696	1	0	66	0	0	0	0	0	2008	315000
425	9000	1	0	1	1	1	1	1956	1956	616	0	580	1196	1	1196	0	0	1196	1	0	1	0	2	1	6	1	1	297	1	0	44	0	0	0	0	0	2008	139000
426	3378	1	1	1	0	1	1	1946	1992	0	0	651	651	1	707	682	0	1389	0	0	1	1	3	1	6	2	1	240	0	0	0	126	0	0	0	0	2009	135000
427	12800	1	0	1	0	0	1	1989	1989	1518	0	0	1518	1	1644	0	0	1644	1	1	2	0	2	1	5	1	2	569	1	80	0	0	0	396	0	0	2009	275000
428	8593	1	0	0	1	1	1	1957	1957	288	0	619	907	1	907	0	0	907	0	0	1	0	3	1	5	0	1	352	1	0	0	0	0	0	0	0	2008	109008
429	6762	1	0	1	1	1	1	2007	2007	664	0	544	1208	1	1208	0	0	1208	1	0	2	0	2	1	6	0	2	628	1	105	54	0	0	0	0	0	2007	195400
430	11457	1	0	0	1	1	1	1988	1988	1005	0	387	1392	1	1412	0	0	1412	1	0	2	0	3	1	6	1	2	576	1	0	0	169	0	0	0	0	2009	175000
431	1680	1	0	1	1	1	0	1971	1971	387	0	96	483	1	483	504	0	987	0	0	1	1	2	1	4	0	1	264	1	0	0	0	0	0	0	0	2008	85400
432	5586	1	0	0	0	1	1	1920	1998	0	0	901	901	1	1088	110	0	1198	0	0	1	0	4	1	7	0	0	0	0	0	98	0	0	0	0	0	2008	79900
433	1920	1	0	1	1	1	0	1971	1971	471	0	294	765	1	765	600	0	1365	1	0	1	1	2	1	6	0	2	440	1	240	36	0	0	0	0	0	2007	122500
434	10839	1	0	0	1	1	1	1997	1998	0	0	926	926	1	926	678	0	1604	0	0	2	1	3	1	7	1	2	470	1	0	36	0	0	0	0	0	2008	181000
435	1890	1	0	1	1	1	0	1972	1972	495	0	135	630	1	630	0	0	630	1	0	1	0	1	1	3	0	0	0	1	88	0	0	0	0	0	0	2008	81000
436	10667	1	0	0	1	1	1	1996	1996	385	344	70	799	1	827	834	0	1661	1	0	2	1	3	1	6	1	2	550	1	158	61	0	0	0	0	0	2009	212000
437	4400	1	0	1	1	1	1	1920	1950	0	0	648	648	1	734	384	0	1118	0	0	1	0	2	1	6	0	2	440	1	0	0	0	0	0	0	0	2006	116000
438	6000	1	0	1	1	1	1	1926	2004	0	0	884	884	1	904	0	0	904	0	0	1	0	2	1	4	0	1	180	1	0	0	105	0	0	0	0	2009	119000
439	4280	1	0	1	1	1	1	1913	2002	365	0	75	440	0	694	0	0	694	0	0	1	0	2	1	4	1	1	352	0	0	0	34	0	0	0	0	2007	90350
440	12354	1	1	1	1	1	1	1920	2000	0	0	684	684	1	684	512	0	1196	0	0	1	0	3	1	7	0	2	528	1	0	46	0	0	0	0	800	2009	110000
441	15431	1	0	1	1	1	1	2008	2008	1767	539	788	3094	1	2402	0	0	2402	1	0	2	0	2	1	10	2	3	672	1	0	72	0	0	170	0	0	2009	555000
442	12108	1	0	1	1	1	0	1955	1955	133	0	1307	1440	0	1440	0	0	1440	0	0	2	0	4	2	8	0	0	0	1	0	0	0	0	0	0	0	2008	118000
443	6240	1	0	1	1	1	1	1930	1992	0	0	1078	1078	1	1128	445	0	1573	0	0	2	0	3	1	8	1	2	360	0	0	0	0	0	0	0	0	2008	162900
444	3922	1	0	1	1	1	0	2006	2007	0	0	1258	1258	1	1258	0	0	1258	0	0	2	0	2	1	6	1	3	648	1	144	16	0	0	0	0	0	2007	172500
445	8750	1	0	1	1	1	1	1994	1995	642	0	273	915	1	933	975	0	1908	1	0	2	1	4	1	8	1	2	493	1	144	133	0	0	0	0	0	2008	210000
446	9855	1	0	1	1	1	1	1956	1956	0	0	1436	1436	1	1689	0	0	1689	0	0	1	0	3	1	7	1	2	480	1	0	0	0	0	0	0	0	2009	127500
447	16492	1	0	0	1	1	1	1966	2002	247	713	557	1517	1	1888	0	0	1888	0	0	2	1	2	1	6	1	2	578	1	0	0	0	0	0	0	0	2010	190000
448	11214	1	0	0	1	1	1	1998	1999	0	0	930	930	1	956	930	0	1886	0	0	2	1	4	1	10	1	2	431	1	89	0	0	0	0	0	0	2006	199900
449	8600	1	0	1	0	1	1	1937	1950	0	0	780	780	1	780	596	0	1376	0	0	2	0	3	1	7	1	1	198	0	0	0	0	0	0	0	0	2006	119500
450	6000	1	0	1	1	1	1	1948	2002	331	0	318	649	1	679	504	0	1183	0	0	1	1	2	1	6	0	1	308	1	0	176	0	0	0	0	0	2007	120000
451	5684	1	0	1	1	1	1	1930	2005	0	0	813	813	1	813	0	0	813	0	0	1	0	2	1	5	0	1	270	0	0	113	0	0	0	0	0	2006	110000
452	70761	1	0	0	0	0	1	1975	1975	655	0	878	1533	1	1533	0	0	1533	1	0	2	0	2	1	5	2	2	576	1	200	54	0	0	0	0	0	2006	280000
453	9303	1	0	0	1	1	1	1996	1997	742	0	130	872	1	888	868	0	1756	1	0	2	1	3	1	7	0	2	422	1	144	122	0	0	0	0	0	2007	204000
454	9000	1	0	1	1	1	1	2008	2008	0	0	768	768	1	786	804	0	1590	0	0	2	1	3	1	6	0	2	676	1	0	30	0	0	0	0	0	2009	210000
455	9297	1	0	1	1	1	0	1976	1976	1606	0	122	1728	1	1728	0	0	1728	2	0	2	0	4	2	8	0	2	560	1	0	0	0	0	0	0	0	2006	188000
456	9600	1	0	1	1	1	1	1973	1973	916	0	326	1242	1	1242	0	0	1242	0	0	1	1	3	1	6	1	2	528	1	0	0	0	0	0	0	0	2007	175500
457	4571	1	1	1	1	1	1	1916	1950	0	0	624	624	0	624	720	0	1344	0	0	1	0	4	1	7	0	3	513	1	0	0	96	0	0	0	0	2008	98000
458	53227	1	0	0	0	0	1	1954	1994	1116	0	248	1364	1	1663	0	0	1663	1	0	1	0	2	1	6	2	2	529	1	224	137	0	0	0	0	0	2008	256000
459	5100	1	1	1	1	1	1	1925	1996	0	0	588	588	1	833	833	0	1666	0	0	1	0	3	1	7	1	1	228	1	192	63	0	0	0	0	0	2008	161000
460	7015	1	0	0	0	1	1	1950	1950	185	0	524	709	1	979	224	0	1203	1	0	1	0	3	1	5	1	1	352	1	0	0	248	0	0	0	0	2009	110000
461	8004	1	0	0	1	1	1	2009	2009	544	0	288	832	1	832	1103	0	1935	1	0	2	1	3	1	8	0	2	552	1	0	150	0	0	0	0	0	2009	263435
462	7200	1	0	1	1	1	1	1936	2007	350	210	0	560	1	575	560	0	1135	1	0	1	0	3	1	6	0	2	576	1	256	0	0	0	0	0	0	2009	155000
463	8281	1	0	0	1	1	1	1965	1965	553	311	0	864	1	864	0	0	864	0	0	1	0	3	1	5	1	1	360	1	0	0	236	0	0	0	0	2009	62383
464	11988	1	0	0	0	0	1	1934	1995	326	0	389	715	1	849	811	0	1660	0	0	1	1	3	1	6	1	1	240	1	0	0	0	0	0	0	0	2008	188700
465	8430	1	0	1	0	0	1	1978	1978	616	0	424	1040	1	1040	0	0	1040	0	0	2	0	3	1	5	0	0	0	1	0	0	0	0	0	0	0	2009	124000
466	3072	1	0	1	1	1	0	2004	2004	0	0	1375	1375	1	1414	0	0	1414	0	0	2	0	2	1	6	1	2	398	1	144	20	0	0	0	0	0	2006	178740
467	10628	1	0	1	1	1	1	1970	1970	778	0	499	1277	1	1277	0	0	1277	1	0	1	0	2	1	5	1	2	526	1	0	0	0	0	176	0	0	2007	167000
468	9480	1	0	1	1	1	1	1942	1995	386	0	342	728	1	888	756	0	1644	0	0	1	1	3	1	7	2	1	312	1	168	0	0	0	0	0	0	2007	146500
469	11428	1	0	0	1	1	1	2006	2006	0	0	1626	1626	1	1634	0	0	1634	0	0	2	0	3	1	7	1	3	866	1	0	44	0	0	0	0	0	2007	250000
470	9291	1	0	0	1	1	1	1993	1993	426	0	406	832	1	832	878	0	1710	0	0	2	1	3	1	7	0	2	506	1	144	70	0	0	0	0	0	2008	187000
471	6820	1	0	0	1	1	0	1985	1985	368	1120	0	1488	1	1502	0	0	1502	1	0	1	1	1	1	4	0	2	528	1	0	54	0	0	140	0	0	2010	212000
472	11952	1	0	1	1	1	1	1977	1977	0	0	808	808	1	1161	808	0	1969	0	0	2	1	3	1	8	1	2	534	1	0	0	0	0	276	0	0	2007	190000
473	3675	1	0	1	1	1	0	2005	2005	459	0	88	547	1	1072	0	0	1072	1	0	1	0	2	1	5	0	2	525	1	0	28	0	0	0	0	0	2008	148000
474	14977	1	0	0	1	1	1	2006	2007	1350	0	626	1976	1	1976	0	0	1976	1	0	2	0	2	1	7	1	3	908	1	250	63	0	0	0	0	0	2007	440000
475	5330	1	0	1	1	1	0	2000	2000	1196	0	298	1494	1	1652	0	0	1652	1	0	2	0	2	1	6	0	2	499	1	96	48	0	0	0	0	0	2007	251000
476	8480	1	0	1	1	1	1	1963	1963	630	0	340	970	1	970	0	0	970	1	0	1	0	2	1	5	0	2	624	1	0	24	0	0	192	0	0	2007	132500
477	13125	1	0	1	1	0	1	1997	1998	994	0	484	1478	1	1493	0	0	1493	1	0	2	0	3	1	7	1	2	508	1	140	39	0	0	0	0	0	2008	208900
478	13693	1	0	1	1	1	1	2006	2006	0	0	2153	2153	1	2069	574	0	2643	0	0	2	1	3	1	9	1	3	694	1	414	84	0	0	0	0	0	2007	380000
479	10637	1	0	1	1	1	1	2007	2008	1288	0	417	1705	1	1718	0	0	1718	1	0	2	0	3	1	7	1	3	826	1	208	44	0	0	0	0	0	2009	297000
480	5925	1	0	1	0	1	1	1937	2000	168	0	739	907	1	1131	0	0	1131	0	0	1	0	2	1	7	0	2	672	1	0	72	0	0	0	0	0	2007	89471
481	16033	1	0	0	1	1	1	2004	2005	1261	0	572	1833	1	1850	0	0	1850	1	0	2	0	3	1	8	1	3	772	1	519	112	0	0	0	0	0	2006	326000
482	11846	1	0	0	0	1	1	2003	2004	1567	0	225	1792	1	1792	0	0	1792	1	0	2	0	2	1	6	1	3	874	1	206	49	0	0	0	0	0	2006	374000
483	2500	1	1	1	1	1	1	1915	2005	299	0	611	910	1	916	910	0	1826	1	0	1	1	4	1	7	1	1	164	1	0	0	0	0	0	0	0	2009	155000
484	4500	1	0	1	1	1	0	1998	1998	897	0	319	1216	1	1216	0	0	1216	1	0	2	0	2	1	5	0	2	402	1	0	125	0	0	0	0	0	2006	164000
485	7758	1	0	0	1	1	1	1962	2001	588	0	411	999	1	999	0	0	999	1	0	1	0	3	1	6	0	1	264	1	0	132	0	0	0	0	0	2007	132500
486	9600	1	0	1	1	1	1	1950	2007	607	0	506	1113	1	1113	0	0	1113	0	0	1	0	3	1	5	1	1	264	1	0	80	120	0	0	0	0	2009	147000
487	10289	1	0	1	1	1	1	1965	1965	836	0	237	1073	1	1073	0	0	1073	1	0	1	1	3	1	6	0	2	515	1	0	0	0	0	0	0	0	2007	156000
488	12243	1	0	0	1	1	1	1971	1971	998	0	486	1484	1	1484	0	0	1484	0	0	2	0	3	1	7	1	2	487	1	224	0	0	0	180	0	0	2007	175000
489	10800	1	0	1	1	1	0	1900	1970	664	0	290	954	0	1766	648	0	2414	0	0	2	0	3	2	10	1	2	520	0	142	0	0	0	0	0	0	2006	160000
490	1526	1	0	1	1	1	0	1970	2002	515	0	115	630	1	630	0	0	630	1	0	1	0	1	1	3	0	1	286	1	0	0	0	0	0	0	0	2009	86000
491	2665	1	0	1	1	1	0	1976	1976	0	0	264	264	1	616	688	0	1304	0	0	1	1	3	1	4	1	1	336	1	141	24	0	0	0	0	0	2008	115000
492	9490	1	0	1	1	1	1	1941	1950	403	165	238	806	1	958	620	0	1578	1	0	1	0	3	1	5	2	1	240	1	0	0	32	0	0	0	0	2006	133000
493	15578	1	0	0	1	1	1	2006	2006	0	0	728	728	1	728	728	0	1456	0	0	2	1	3	1	8	0	2	429	1	0	0	0	0	0	0	0	2006	172785
494	7931	1	0	1	1	1	1	1960	1960	374	532	363	1269	1	1269	0	0	1269	0	0	1	1	3	1	6	1	1	308	1	0	0	0	0	0	0	0	2008	155000
495	5784	1	0	1	1	1	1	1938	1996	0	0	190	190	1	886	0	0	886	0	0	1	0	2	1	4	0	1	273	1	144	20	80	0	0	0	0	2009	91300
496	7879	1	0	1	1	1	1	1920	1950	495	0	225	720	0	720	0	0	720	0	0	1	0	2	1	4	0	0	0	0	0	523	115	0	0	0	0	2009	34900
497	12692	1	0	0	1	1	1	1992	1993	1231	0	1969	3200	1	3228	0	0	3228	1	0	3	0	4	1	10	1	2	546	1	264	75	291	0	0	0	0	2007	430000
498	9120	1	1	1	1	1	1	1925	1950	329	0	697	1026	1	1133	687	0	1820	1	0	2	0	4	1	8	0	1	240	0	0	100	0	0	0	0	0	2008	184000
499	7800	1	0	1	1	1	1	1967	2004	450	0	414	864	1	899	0	0	899	0	0	1	0	3	1	5	0	1	288	1	64	0	0	0	0	0	0	2009	130000
500	7535	1	0	0	1	1	1	1958	1985	111	279	522	912	1	912	0	0	912	0	1	1	0	2	1	5	0	1	297	1	12	285	0	0	0	0	480	2007	120000
501	1890	1	0	1	1	1	0	1973	1973	356	0	316	672	1	672	546	0	1218	0	0	1	1	3	1	7	0	1	264	1	144	28	0	0	0	0	0	2007	113000
502	9803	1	0	1	1	1	1	2005	2005	400	0	466	866	1	866	902	0	1768	0	0	2	1	3	1	7	0	2	603	1	0	108	0	0	0	0	0	2008	226700
503	9170	1	0	1	1	1	1	1965	1965	698	96	420	1214	1	1214	0	0	1214	1	0	1	0	2	1	6	0	2	461	1	0	0	184	0	0	0	400	2007	140000
504	15602	1	0	0	1	1	1	1959	1997	1247	0	254	1501	1	1801	0	0	1801	1	0	2	0	1	1	6	2	2	484	1	0	54	0	0	161	0	0	2010	289000
505	2308	1	0	1	1	1	0	1974	1974	257	495	103	855	1	855	467	0	1322	0	1	2	1	3	1	6	1	2	440	1	260	0	0	0	0	0	0	2009	147000
506	7596	1	1	1	1	1	0	1952	1952	0	0	960	960	1	960	1000	0	1960	0	0	2	0	4	2	10	0	2	400	0	0	0	0	0	0	0	0	2009	124500
507	9554	1	0	0	1	1	1	1993	1994	380	0	397	777	1	1065	846	0	1911	0	0	2	1	3	1	8	1	2	471	1	182	81	0	0	0	0	0	2006	215000
508	7862	1	0	0	1	1	1	2009	2009	27	0	1191	1218	1	1218	0	0	1218	0	0	2	0	2	1	4	0	2	676	1	0	102	0	0	0	0	0	2009	208300
509	9600	1	0	1	1	1	1	1928	2005	141	0	548	689	1	689	689	0	1378	0	0	2	0	3	1	7	1	2	360	0	0	0	116	0	0	0	0	2008	161000
510	9600	1	0	1	1	1	1	1959	1959	991	0	50	1041	1	1041	0	0	1041	1	0	1	0	3	1	6	0	1	270	1	224	88	0	0	0	0	0	2009	124500
511	14559	1	0	1	1	1	1	1951	2000	650	180	178	1008	1	1363	0	0	1363	1	0	1	0	2	1	6	2	1	288	1	324	42	0	0	168	0	2000	2009	164900
512	6792	1	0	0	1	1	0	2005	2006	0	0	1368	1368	1	1368	0	0	1368	0	0	2	0	2	1	6	1	2	474	1	132	35	0	0	0	0	0	2006	202665
513	9100	1	0	1	1	1	1	1958	1958	521	174	169	864	1	864	0	0	864	1	0	1	0	3	1	5	0	2	624	1	0	0	0	0	0	0	0	2006	129900
514	9187	1	0	1	0	1	1	1983	1983	336	0	748	1084	1	1080	0	0	1080	0	0	1	1	3	1	5	0	2	484	1	120	0	158	0	0	0	0	2007	134000
515	10594	1	0	1	1	1	1	1926	1950	0	0	768	768	0	789	0	0	789	0	0	1	0	2	1	5	0	1	200	1	0	0	112	0	0	0	0	2007	96500
516	12220	1	0	1	1	1	1	2009	2009	1436	0	570	2006	1	2020	0	0	2020	1	0	2	1	3	1	9	1	3	900	1	156	54	0	0	0	0	0	2009	402861
517	10448	1	0	0	1	1	1	1972	1972	0	0	689	689	1	1378	741	0	2119	0	0	2	1	3	1	7	1	2	583	1	0	104	0	0	0	0	0	2009	158000
518	10208	1	0	0	1	1	1	1996	1997	0	0	1264	1264	1	1277	1067	0	2344	0	0	2	1	3	1	7	1	3	889	1	220	0	0	0	0	0	0	2009	265000
519	9531	1	0	0	1	1	1	1998	1998	706	0	88	794	1	882	914	0	1796	1	0	2	1	3	1	7	0	2	546	1	0	36	0	0	0	0	0	2007	211000
520	10918	1	0	1	1	1	1	1926	2004	0	0	1276	1276	1	1276	804	0	2080	0	0	1	1	3	1	9	2	1	282	1	0	0	0	0	145	0	0	2009	234000
521	10800	1	1	1	1	1	0	1900	2000	0	0	0	0	0	694	600	0	1294	0	0	2	0	3	2	7	0	0	0	0	220	114	210	0	0	0	0	2008	106250
522	11988	1	0	0	1	1	1	1957	1957	777	0	467	1244	1	1244	0	0	1244	0	0	1	1	3	1	6	2	1	336	1	0	40	0	0	0	0	0	2007	150000
523	5000	1	0	1	1	1	1	1947	1950	399	0	605	1004	1	1004	660	0	1664	0	0	2	0	3	1	7	2	2	420	1	0	24	36	0	0	0	0	2006	159000
524	40094	1	0	0	0	1	1	2007	2008	2260	0	878	3138	1	3138	1538	0	4676	1	0	3	1	3	1	11	1	3	884	1	208	406	0	0	0	0	0	2007	184750
525	11787	1	0	0	1	1	1	1996	1997	719	0	660	1379	1	1383	1015	0	2398	1	0	2	1	3	1	8	1	3	834	1	239	60	0	0	0	0	0	2007	315750
526	7500	1	1	1	1	1	1	2005	2005	0	0	1257	1257	1	1266	0	0	1266	0	0	2	0	3	1	6	1	2	453	1	38	144	0	0	0	0	0	2006	176000
527	13300	1	0	1	1	1	1	1956	2000	377	0	551	928	1	928	0	0	928	0	0	1	0	2	1	4	0	1	252	1	261	0	156	0	0	0	0	2007	132000
528	14948	1	0	0	1	1	1	2008	2008	1330	0	122	1452	1	1476	1237	0	2713	1	0	2	1	3	1	11	1	3	858	1	126	66	0	0	0	0	0	2008	446261
529	9098	1	0	0	1	1	1	1920	2002	348	0	180	528	1	605	0	0	605	1	0	1	0	2	1	5	0	0	0	0	0	0	144	0	0	0	0	2007	86000
530	32668	1	0	0	1	1	1	1957	1975	1219	0	816	2035	1	2515	0	0	2515	1	0	3	0	4	2	9	2	2	484	1	0	0	200	0	0	0	0	2007	200624
531	10200	1	0	1	1	1	1	1988	1989	783	0	678	1461	1	1509	0	0	1509	1	0	2	0	3	1	5	1	2	600	1	224	0	0	0	0	0	0	2008	175000
532	6155	1	0	0	1	1	1	1920	1999	0	0	611	611	1	751	611	0	1362	0	0	2	0	3	1	6	0	2	502	1	0	0	84	0	0	0	0	2008	128000
533	7200	1	0	1	1	1	1	1955	2007	0	0	0	0	1	827	0	0	827	0	0	1	0	2	1	5	1	1	392	1	0	0	0	0	0	0	0	2010	107500
534	5000	1	0	1	0	0	1	1946	1950	0	0	0	0	0	334	0	0	334	0	0	1	0	1	1	2	0	0	0	0	0	0	0	0	0	0	0	2007	39300
535	9056	1	0	0	1	1	1	2004	2004	0	0	707	707	1	707	707	0	1414	0	0	2	1	3	1	6	1	2	403	1	100	35	0	0	0	0	0	2006	178000
536	7000	1	0	1	1	1	0	1910	1991	969	0	148	1117	1	820	527	0	1347	1	0	1	0	3	1	5	0	0	0	0	85	0	148	0	0	0	0	2008	107500
537	8924	1	0	0	1	1	1	1998	1999	0	0	880	880	1	880	844	0	1724	0	0	2	1	3	1	8	0	2	527	1	120	155	0	0	0	0	0	2008	188000
538	12735	1	0	0	1	1	1	1972	1972	600	0	264	864	1	864	0	0	864	0	0	1	0	3	1	5	0	2	576	1	216	0	0	0	0	0	0	2008	111250
539	11553	1	0	0	1	1	1	1968	1968	673	0	378	1051	1	1159	0	0	1159	0	0	1	1	3	1	7	1	1	336	1	466	0	0	0	0	0	0	2006	158000
540	11423	1	0	1	1	1	1	2001	2002	1358	0	223	1581	1	1601	0	0	1601	1	0	2	0	3	1	6	1	2	670	1	180	0	0	0	0	0	2000	2010	272000
541	14601	1	0	1	1	1	1	2006	2006	1260	0	578	1838	1	1838	0	0	1838	1	0	2	0	2	1	8	1	3	765	1	270	68	0	0	0	0	0	2009	315000
542	11000	1	0	1	1	1	1	2000	2000	0	0	969	969	1	997	1288	0	2285	0	0	2	1	4	1	8	1	3	648	1	0	56	0	0	0	0	0	2007	248000
543	10140	1	0	1	1	1	1	1998	1999	144	1127	379	1650	1	1680	0	0	1680	1	0	2	0	3	1	7	1	2	583	1	78	73	0	0	0	0	0	2009	213250
544	4058	1	0	1	1	1	0	1998	1998	584	139	0	723	1	767	0	0	767	1	0	1	0	1	1	4	0	1	367	1	120	40	0	0	0	0	0	2007	133000
545	17104	1	0	0	1	1	1	2006	2006	554	0	100	654	1	664	832	0	1496	1	0	2	1	3	1	7	1	2	426	1	100	24	0	0	0	0	0	2006	179665
546	13837	1	0	0	1	1	1	1988	1988	1002	202	0	1204	1	1377	806	0	2183	0	0	2	1	4	1	9	0	3	786	1	0	0	0	0	0	0	0	2006	229000
547	8737	1	0	0	0	1	1	1923	1950	300	0	765	1065	1	915	720	0	1635	0	0	1	1	3	1	6	1	2	440	1	0	38	0	144	0	0	0	2007	210000
548	7244	1	0	1	1	1	1	1970	1970	619	0	149	768	1	768	0	0	768	1	0	1	0	2	1	5	0	2	624	1	104	0	0	0	0	0	0	2007	129500
549	8235	1	0	0	0	1	1	1955	1995	180	645	0	825	1	825	0	0	825	1	0	1	0	2	1	4	0	2	720	1	140	50	0	0	0	0	0	2008	125000
550	9375	1	0	1	1	1	1	2003	2004	0	0	912	912	1	912	1182	0	2094	0	0	2	1	4	1	8	1	2	615	1	182	182	0	0	0	0	0	2009	263000
551	4043	1	0	1	1	1	0	1977	1977	559	0	510	1069	1	1069	0	0	1069	0	0	2	0	2	1	4	0	2	440	1	0	55	0	0	200	0	0	2008	140000
552	6000	1	0	1	1	1	1	1957	1957	308	0	620	928	1	928	0	0	928	0	0	1	0	3	1	5	0	1	288	1	0	0	0	0	0	0	0	2008	112500
553	11146	1	0	0	1	1	1	2006	2006	0	0	1709	1709	1	1717	0	0	1717	0	0	2	0	3	1	7	1	3	908	1	169	39	0	0	0	0	0	2009	255500
554	8777	1	0	1	1	1	1	1949	2003	0	0	0	0	1	1126	0	0	1126	0	0	2	0	2	1	5	0	2	520	0	0	96	0	0	0	0	0	2009	108000
555	10625	1	0	1	1	1	1	2003	2004	866	0	132	998	1	1006	1040	0	2046	1	0	2	1	3	1	8	1	3	871	1	320	62	0	0	0	0	0	2008	284000
556	6380	1	0	1	1	1	1	1922	1950	0	0	993	993	1	1048	0	0	1048	0	0	1	0	2	1	5	1	1	280	1	0	0	116	0	0	0	0	2006	113000
557	14850	1	0	0	1	1	1	1957	1957	895	0	197	1092	1	1092	0	0	1092	1	0	1	0	2	1	6	1	1	299	1	268	0	0	0	122	0	0	2006	141000
558	11040	1	0	1	0	0	1	1920	1950	637	0	0	637	1	897	439	0	1336	0	0	1	1	3	1	7	0	1	570	1	0	47	120	0	0	0	0	2006	108000
559	21872	1	0	0	0	1	1	1996	1997	604	0	125	729	1	729	717	0	1446	0	1	2	1	3	1	6	1	2	406	1	264	22	0	0	0	0	0	2008	175000
560	3196	1	0	1	1	1	0	2003	2004	0	0	1374	1374	1	1557	0	0	1557	0	0	2	0	2	1	7	1	2	420	1	143	20	0	0	0	0	0	2006	234000
561	11341	1	0	0	1	1	1	1957	1996	1302	0	90	1392	1	1392	0	0	1392	1	0	1	1	3	1	5	1	2	528	1	0	0	0	0	95	0	0	2010	121500
562	10010	1	0	1	1	0	1	1974	1975	1071	123	195	1389	1	1389	0	0	1389	1	0	1	0	2	1	6	1	2	418	1	240	38	0	0	0	0	0	2006	170000
563	13907	1	0	1	1	1	1	1940	1969	290	0	706	996	1	996	0	0	996	1	0	1	0	3	1	6	1	0	0	1	144	0	0	0	0	0	0	2008	108000
564	21780	1	0	1	1	1	1	1918	1950	0	0	1163	1163	1	1163	511	0	1674	0	0	2	0	4	1	8	1	2	396	0	72	36	0	0	144	0	0	2008	185000
565	13346	1	0	0	1	1	1	1992	2000	728	0	367	1095	1	1166	1129	0	2295	1	0	2	1	4	1	9	1	2	590	1	0	40	0	0	0	0	0	2006	268000
566	6858	1	0	1	0	1	1	1915	1950	0	0	806	806	0	841	806	0	1647	1	0	1	1	4	1	6	0	1	216	1	0	66	136	0	0	0	0	2010	128000
567	11198	1	0	0	1	1	1	2005	2007	0	0	1122	1122	1	1134	1370	0	2504	0	0	2	1	4	1	11	1	3	656	1	144	39	0	0	0	0	0	2008	325000
568	10171	1	0	0	1	1	1	2004	2004	2	0	1515	1517	1	1535	0	0	1535	0	0	2	0	3	1	7	0	2	532	1	0	0	0	0	0	0	0	2010	214000
569	12327	1	0	0	0	0	1	1983	2009	1441	0	55	1496	1	1496	636	0	2132	1	0	1	1	1	1	5	1	2	612	1	349	40	0	0	0	0	0	2009	316600
570	7032	1	0	0	1	1	0	1979	1979	943	0	0	943	1	943	0	0	943	1	0	1	0	2	1	4	2	2	600	1	42	0	0	0	0	0	0	2006	135960
571	13101	1	0	0	1	1	0	1965	1965	231	0	1497	1728	1	1728	0	0	1728	0	0	2	0	6	2	10	0	2	576	1	0	0	0	0	0	0	0	2008	142600
572	7332	1	0	1	1	1	1	1959	1959	414	0	450	864	1	864	0	0	864	1	0	1	0	2	1	4	0	1	288	1	168	0	0	0	0	0	0	2006	120000
573	13159	1	0	0	0	1	1	2009	2009	0	0	846	846	1	846	846	0	1692	0	0	2	1	3	1	6	0	2	650	1	208	114	0	0	0	0	0	2009	224500
574	9967	1	0	0	1	1	1	2000	2000	0	0	384	384	1	774	656	0	1430	0	0	2	1	3	1	8	1	2	400	1	100	0	0	0	0	0	0	2007	170000
575	10500	1	0	1	1	1	1	1971	2005	349	0	23	372	1	576	533	0	1109	0	1	1	0	3	1	5	0	1	288	1	35	0	0	0	0	0	0	2007	139000
576	8480	1	0	1	1	1	1	1947	1950	442	0	390	832	1	832	384	0	1216	0	0	1	0	2	1	6	0	1	336	1	158	0	102	0	0	0	0	2008	118500
577	6292	1	0	1	1	1	1	1928	1950	0	0	861	861	1	877	600	0	1477	0	1	2	0	3	1	6	1	1	216	1	0	50	0	0	0	0	0	2009	145000
578	11777	1	0	0	1	1	1	1966	1966	328	551	285	1164	1	1320	0	0	1320	1	0	1	0	3	1	6	2	2	564	1	160	68	240	0	0	0	0	2006	164500
579	3604	1	1	1	1	1	0	2007	2007	0	0	689	689	1	703	689	0	1392	0	0	2	0	2	1	5	0	2	540	1	0	102	0	0	0	0	0	2008	146000
580	12150	1	1	1	1	1	1	1954	1954	0	0	1050	1050	0	1050	745	0	1795	0	0	2	0	4	1	7	0	1	352	1	0	0	0	0	0	0	0	2008	131500
581	14585	1	0	0	1	1	1	1960	1987	594	219	331	1144	1	1429	0	0	1429	0	1	1	0	3	1	7	2	2	572	1	216	110	0	0	0	0	0	2007	181900
582	12704	1	0	1	1	1	1	2008	2009	0	0	2042	2042	1	2042	0	0	2042	0	0	2	1	3	1	8	1	3	1390	1	0	90	0	0	0	0	0	2009	253293
583	11841	0	0	1	1	1	0	1990	1990	816	0	0	816	1	816	0	0	816	1	0	1	0	3	1	5	0	0	0	1	0	32	0	0	0	0	0	2007	118500
584	13500	1	0	1	1	1	1	1893	2000	0	0	1237	1237	1	1521	1254	0	2775	0	0	3	1	3	1	9	1	2	880	1	105	502	0	0	0	0	0	2008	325000
585	6120	1	0	1	1	1	1	1935	1995	0	0	884	884	1	989	584	0	1573	0	0	1	0	3	1	6	0	1	240	1	0	0	54	0	120	0	0	2009	133000
586	11443	1	0	1	1	1	1	2005	2006	1460	0	408	1868	1	2028	0	0	2028	1	0	2	0	2	1	7	2	3	880	1	326	66	0	0	0	0	0	2006	369900
587	10267	1	0	1	1	1	1	1918	2000	210	606	0	816	1	838	0	0	838	1	0	1	0	2	1	5	0	1	275	0	0	0	112	0	0	0	0	2008	130000
588	8740	1	0	0	1	1	1	1982	1982	672	0	168	840	1	860	0	0	860	1	0	1	0	2	1	4	0	2	528	1	0	0	0	0	0	0	0	2009	137000
589	25095	1	0	0	0	0	1	1968	2003	1324	0	113	1437	1	1473	0	0	1473	2	0	1	0	1	1	5	2	1	452	1	0	48	0	0	60	0	0	2009	143000
590	9100	1	0	1	1	1	1	1930	1960	0	0	742	742	1	779	0	156	935	0	0	1	0	2	1	4	0	1	308	0	0	0	0	0	0	0	600	2008	79500
591	8320	1	0	1	1	1	1	2004	2004	490	0	280	770	1	770	812	0	1582	0	0	2	1	3	1	6	0	2	520	1	0	45	0	0	0	0	0	2008	185900
592	13478	1	0	0	1	1	1	2008	2008	1338	0	384	1722	1	1728	568	0	2296	1	0	2	1	3	1	10	1	3	842	1	382	274	0	0	0	0	0	2009	451950
593	6600	1	0	1	1	1	1	1982	2003	816	0	0	816	1	816	0	0	816	1	0	1	0	2	1	4	0	2	816	1	0	0	0	0	0	0	0	2008	138000
594	4435	1	0	1	1	1	0	2003	2003	685	0	163	848	1	848	0	0	848	1	0	1	0	1	1	4	0	2	420	1	140	0	0	0	0	0	0	2009	140000
595	7990	1	0	0	1	1	1	1975	1975	0	0	924	924	1	924	0	0	924	0	0	1	0	3	1	5	0	1	280	1	0	0	0	0	0	0	0	2008	110000
596	11302	1	0	0	1	1	1	2005	2006	1422	0	392	1814	1	1826	0	0	1826	1	0	2	0	3	1	7	1	3	758	1	180	75	0	0	120	0	0	2006	319000
597	3600	1	1	1	1	1	1	1910	1993	0	0	684	684	0	684	684	0	1368	0	0	1	0	3	1	7	0	1	216	0	0	158	0	0	0	0	0	2006	114504
598	3922	1	0	1	1	1	0	2006	2007	0	0	1258	1258	1	1402	0	0	1402	0	2	0	2	2	1	7	1	3	648	1	120	16	0	0	0	0	0	2007	194201
599	12984	1	0	1	0	1	1	1977	1977	1283	147	0	1430	1	1647	0	0	1647	1	0	2	0	3	1	7	1	2	621	1	0	0	0	0	0	0	0	2006	217500
600	1950	1	0	1	1	1	0	1980	1980	81	612	23	716	1	716	840	0	1556	1	0	2	1	3	1	6	1	2	452	1	161	0	0	0	0	0	0	2008	151000
601	10927	1	0	1	1	1	1	2005	2005	546	0	512	1058	1	1058	846	0	1904	1	0	2	1	3	1	8	1	2	736	1	179	60	0	0	0	0	0	2006	275000
602	9000	1	0	1	0	1	1	1937	1950	0	0	780	780	1	780	595	0	1375	0	0	1	1	3	1	6	1	1	544	0	0	162	0	0	126	0	0	2007	141000
603	10041	1	0	0	1	1	1	1992	1992	789	0	119	908	1	927	988	0	1915	1	0	2	1	3	1	8	1	2	506	1	120	150	0	0	0	0	0	2006	220000
604	3182	1	1	1	1	1	0	2004	2005	0	0	600	600	1	600	600	0	1200	0	0	2	1	2	1	4	0	2	480	1	0	172	0	0	0	0	0	2010	151000
605	12803	1	0	0	1	1	1	2002	2002	922	0	572	1494	1	1494	0	0	1494	1	0	2	0	3	1	6	1	2	530	1	192	36	0	0	0	0	0	2008	221000
606	13600	1	0	1	1	1	1	1965	1990	454	0	314	768	1	1186	800	0	1986	0	0	2	1	3	1	7	3	2	486	1	0	42	0	0	189	0	0	2009	205000
607	12464	1	0	0	0	0	1	1996	1996	732	0	308	1040	1	1040	0	0	1040	1	0	1	0	3	1	6	0	2	576	1	168	0	0	0	0	0	0	2009	152000
608	7800	1	0	1	0	0	1	1948	2002	603	0	293	896	1	1112	896	0	2008	1	0	3	0	3	1	8	0	1	230	1	103	0	0	0	0	0	0	2006	225000
609	12168	1	0	1	0	0	1	1934	1998	428	0	537	965	1	1940	1254	0	3194	0	0	2	1	4	1	10	2	2	380	1	0	0	0	0	0	0	0	2007	359100
610	7943	1	0	1	1	1	1	1961	1961	903	0	126	1029	1	1029	0	0	1029	1	0	1	0	3	1	5	0	1	261	1	64	0	39	0	0	0	0	2007	118500
611	11050	1	0	1	1	1	1	2000	2000	904	0	536	1440	1	1476	677	0	2153	1	0	2	1	3	1	8	2	3	736	1	253	142	0	0	0	0	0	2009	313000
612	10395	1	0	0	1	1	1	1978	1978	605	0	427	1032	1	1032	0	0	1032	0	1	2	0	3	1	6	1	2	564	1	0	0	0	0	0	0	500	2007	148000
613	11885	1	0	1	1	1	1	2001	2001	990	0	309	1299	1	1299	573	0	1872	1	0	2	1	3	1	7	1	2	531	1	160	122	0	0	0	0	0	2009	261500
614	8402	1	0	1	1	1	1	2007	2007	206	0	914	1120	1	1120	0	0	1120	0	0	1	0	3	1	6	0	0	0	1	0	30	0	0	0	0	0	2007	147000
615	1491	1	0	1	1	1	0	1972	1972	150	480	0	630	1	630	0	0	630	1	0	1	0	1	1	3	0	0	0	1	96	24	0	0	0	0	0	2010	75500
616	8800	1	0	1	1	1	1	1963	1963	763	0	173	936	1	1054	0	0	1054	1	0	1	0	3	1	6	0	2	480	1	120	0	0	0	0	0	0	2010	137500
617	7861	1	0	0	1	1	1	2002	2003	457	0	326	783	1	807	702	0	1509	1	0	2	1	3	1	7	1	2	393	1	100	75	0	0	0	0	0	2006	183200
618	7227	1	0	1	0	0	1	1954	1954	0	0	832	832	1	832	0	0	832	0	0	1	0	2	1	4	0	2	528	1	0	0	0	0	0	0	0	2008	105500
619	11694	1	0	1	1	1	1	2007	2007	48	0	1774	1822	1	1828	0	0	1828	0	0	2	0	3	1	9	1	3	774	1	0	108	0	0	260	0	0	2007	314813
620	12244	1	0	1	1	1	1	2003	2003	871	0	611	1482	1	1482	780	0	2262	1	0	2	1	4	1	10	2	3	749	1	168	0	0	0	0	0	0	2008	305000
621	8248	1	1	1	1	1	1	1914	1950	41	0	823	864	0	864	0	0	864	1	0	1	0	2	1	5	0	0	0	0	0	0	100	0	0	0	0	2008	67000
622	10800	1	0	1	1	1	1	1974	1997	956	182	384	1522	1	1548	1066	0	2614	0	0	2	1	4	1	9	1	2	624	1	38	243	0	0	0	0	0	2008	240000
623	7064	1	0	1	1	1	1	1977	1977	560	0	420	980	1	980	0	0	980	0	0	1	0	3	1	6	0	2	484	1	192	0	0	0	0	0	0	2009	135000
624	2117	1	0	1	1	1	0	2000	2000	420	0	336	756	1	756	756	0	1512	0	0	2	1	2	1	4	1	2	440	1	0	32	0	0	0	0	0	2007	168500
625	10400	1	0	1	1	1	1	1972	1972	247	0	485	732	1	1012	778	0	1790	1	0	1	2	4	1	8	1	2	484	1	148	0	0	0	147	0	0	2006	165150
626	10000	1	0	0	1	1	1	1962	1962	0	0	1116	1116	1	1116	0	0	1116	0	0	1	1	3	1	5	0	2	440	1	0	0	0	0	385	0	0	2010	160000
627	12342	1	0	0	1	1	1	1960	1978	0	0	978	978	1	1422	0	0	1422	0	0	1	0	3	1	6	1	1	286	1	0	0	36	0	0	0	600	2007	139900
628	9600	1	0	1	1	1	1	1955	1972	674	132	350	1156	1	1520	0	0	1520	1	0	1	0	3	1	7	2	1	364	1	0	0	189	0	0	0	0	2010	153000
629	11606	1	0	0	0	0	1	1969	1969	650	0	390	1040	1	1040	1040	0	2080	0	1	1	2	5	1	9	2	2	504	1	335	0	0	0	0	0	0	2007	135000
630	9020	1	0	1	1	1	1	1964	1964	624	336	288	1248	1	1350	0	0	1350	1	0	1	1	3	1	6	0	2	520	1	176	0	0	0	0	0	0	2008	168500
631	9000	1	1	1	1	1	1	1880	1991	0	0	636	636	1	1089	661	0	1750	0	0	1	0	3	1	8	0	1	240	0	0	0	293	0	0	0	0	2006	124000
632	4590	1	0	1	1	1	0	2006	2006	24	0	1530	1554	1	1554	0	0	1554	0	0	2	0	2	1	6	1	2	627	1	156	73	0	0	0	0	0	2007	209500
633	11900	1	0	1	1	1	1	1977	1977	822	0	564	1386	1	1411	0	0	1411	0	0	2	0	3	1	6	1	2	544	1	192	0	0	0	0	0	0	2009	82500
634	9250	1	0	1	1	1	1	1954	2005	480	468	108	1056	1	1056	0	0	1056	0	1	1	0	3	1	6	0	1	260	1	390	0	0	0	0	0	0	2007	139400
635	6979	1	0	1	1	1	0	1980	1980	1056	0	0	1056	1	1056	0	0	1056	2	0	0	0	0	2	4	0	2	576	1	264	56	0	0	0	0	600	2010	144000
636	10896	1	1	1	0	1	0	1914	1995	256	0	1184	1440	1	1440	1440	515	3395	0	0	2	0	8	2	14	0	0	0	0	0	110	0	0	0	0	0	2007	200000
637	6120	1	0	1	1	1	1	1936	1950	0	0	264	264	0	800	0	0	800	0	0	1	0	1	1	4	1	0	0	0	0	0	0	0	0	0	0	2009	60000
638	6000	1	0	1	1	1	0	1954	1954	0	0	811	811	1	811	576	0	1387	0	0	2	0	3	2	7	0	1	256	1	0	0	0	0	0	0	0	2009	93000
639	8777	1	0	1	1	1	1	1910	1950	0	0	796	796	1	796	0	0	796	0	0	1	0	2	1	4	0	0	0	0	328	0	164	0	0	0	0	2008	85000
640	3982	1	0	1	1	1	0	2006	2006	1154	0	366	1520	1	1567	0	0	1567	1	0	2	0	1	1	7	1	3	648	1	312	0	0	0	0	0	0	2006	264561
641	12677	1	0	0	1	1	0	2003	2004	1218	0	300	1518	1	1518	0	0	1518	0	0	1	1	1	1	6	1	2	588	1	185	140	0	0	0	0	0	2008	274000
642	7050	1	0	1	1	1	1	2001	2001	738	0	319	1057	1	1057	872	0	1929	1	0	2	1	3	1	7	1	2	650	1	0	235	0	0	0	0	0	2007	226000
643	13860	1	0	1	1	1	1	1972	1995	1410	0	542	1952	1	2000	704	0	2704	1	0	2	1	4	1	9	3	2	538	1	269	111	0	0	0	0	0	2009	345000
644	10793	1	0	1	1	1	1	1969	1969	493	287	0	780	1	780	840	0	1620	0	0	2	1	4	1	7	0	2	462	1	208	0	0	0	0	0	0	2007	152000
645	9187	1	0	1	1	1	1	2009	2009	1121	0	645	1766	1	1766	0	0	1766	1	0	2	1	2	1	7	1	3	478	1	195	130	0	0	0	0	0	2009	370878
646	10530	1	0	0	1	1	1	1971	1971	282	35	664	981	1	981	0	0	981	1	0	1	1	3	1	5	0	2	576	1	0	312	40	0	0	0	0	2007	143250
647	7200	1	0	1	1	1	1	1950	1950	0	0	0	0	1	1048	0	0	1048	0	0	1	0	3	1	7	0	2	420	1	0	27	0	0	0	0	0	2008	98300
648	10452	1	0	0	1	1	1	1953	1953	500	0	594	1094	1	1094	0	0	1094	0	0	1	0	3	1	5	2	2	495	1	0	0	0	0	287	0	0	2008	155000
649	7700	1	0	1	1	1	1	1966	1966	0	0	756	756	1	1051	788	0	1839	0	0	1	1	4	1	7	1	2	442	1	0	124	216	0	0	0	0	2010	155000
650	1936	1	0	1	1	1	0	1970	1970	131	499	0	630	1	630	0	0	630	1	0	1	0	1	1	3	0	0	0	1	0	0	0	0	0	0	0	2007	84500
651	8125	1	0	1	1	1	1	2007	2007	0	0	813	813	1	822	843	0	1665	0	0	2	1	3	1	7	0	2	562	1	0	0	0	0	0	0	0	2008	205950
652	9084	1	0	1	1	1	1	1940	1950	0	0	755	755	1	755	755	0	1510	1	0	1	0	4	1	7	1	1	296	0	120	0	0	0	0	0	0	2009	108000
653	8750	1	0	1	1	1	1	1996	1996	0	0	880	880	1	909	807	0	1716	0	0	2	1	2	1	7	1	2	512	1	0	120	0	0	0	0	0	2009	191000
654	10320	1	1	1	1	1	1	1906	1995	0	0	756	756	1	756	713	0	1469	0	0	1	0	3	1	7	0	1	216	1	57	0	239	0	0	0	0	2008	135000
655	10437	1	0	0	1	1	1	1995	1995	1696	0	413	2109	1	2113	0	0	2113	1	0	2	1	2	1	7	1	3	839	1	236	46	0	0	0	0	0	2008	350000
656	1680	1	0	1	1	1	0	1971	1971	0	0	525	525	1	525	567	0	1092	0	0	1	1	3	1	6	0	1	264	1	0	0	0	0	0	0	0	2010	88000
657	10007	1	0	0	1	1	1	1959	2006	806	0	247	1053	1	1053	0	0	1053	1	0	1	1	3	1	5	0	1	312	1	0	0	0	0	0	0	0	2008	145500
658	7200	1	0	1	0	0	1	1931	2000	0	0	776	776	1	851	651	0	1502	0	0	1	1	3	1	6	1	1	270	0	0	0	112	0	0	0	0	2008	149000
659	17503	1	0	1	1	1	1	1948	1950	0	0	912	912	1	912	546	0	1458	0	1	1	0	3	1	6	1	1	330	1	192	0	0	0	0	0	0	2010	97500
660	9937	1	0	1	1	1	1	1964	1999	637	0	849	1486	1	1486	0	0	1486	1	0	1	0	3	1	7	0	2	480	1	0	0	0	0	0	0	0	2009	167000
661	12384	1	0	1	1	1	1	1976	1976	0	0	793	793	1	1142	793	0	1935	0	0	2	1	3	1	7	1	2	550	1	0	113	252	0	0	0	0	2007	197900
662	46589	1	0	0	1	1	1	1994	2005	1361	180	88	1629	1	1686	762	0	2448	1	0	2	1	4	1	8	1	3	711	1	517	76	0	0	0	0	0	2009	402000
663	13560	1	0	1	1	1	1	1968	1968	0	0	1392	1392	1	1392	0	0	1392	1	0	1	0	2	1	5	2	2	576	1	0	0	240	0	0	0	0	2009	110000
664	10012	1	0	1	1	1	1	1972	1972	920	180	38	1138	1	1181	0	0	1181	1	0	2	0	3	1	6	0	2	588	1	0	0	180	0	0	0	0	2008	137500
665	20896	1	0	0	1	1	1	2005	2006	1721	0	356	2077	1	2097	0	0	2097	1	0	1	1	1	1	8	1	3	1134	1	192	267	0	0	0	0	0	2006	423000
666	11194	1	0	0	1	1	1	2000	2000	0	0	1406	1406	1	1454	482	0	1936	0	0	2	1	3	1	7	1	2	504	1	188	124	0	0	0	0	0	2006	230500
667	18450	1	0	0	1	1	1	1965	1979	187	723	111	1021	1	1465	915	0	2380	0	0	2	1	3	1	7	1	2	596	1	0	265	0	0	0	0	0	2007	129000
668	8125	1	0	1	1	1	1	1994	1998	1138	0	270	1408	1	1679	0	0	1679	1	0	2	0	3	1	7	1	2	575	1	224	42	0	0	0	0	0	2008	193500
669	14175	1	0	1	0	0	1	1956	1987	988	0	200	1188	1	1437	0	0	1437	1	0	1	1	3	1	6	1	2	576	1	304	0	0	0	0	0	0	2006	168000
670	11600	1	0	1	1	1	1	1922	1950	0	0	700	700	1	1180	0	0	1180	0	0	1	0	2	1	5	1	1	252	1	0	0	67	0	0	0	0	2006	137500
671	8633	1	0	1	1	1	1	2005	2005	193	0	545	738	1	738	738	0	1476	1	0	2	1	3	1	7	0	2	540	1	100	35	0	0	0	0	0	2009	173500
672	6629	1	0	1	1	1	1	1925	1950	551	0	121	672	0	697	672	0	1369	1	0	2	0	3	1	6	0	1	300	1	147	0	0	0	0	0	0	2009	103600
673	11250	1	0	0	1	1	1	1977	1977	767	0	441	1208	1	1208	0	0	1208	1	0	1	1	3	1	6	1	2	546	1	198	42	0	0	0	0	0	2006	165000
674	14442	1	0	1	1	1	1	1957	2004	1186	0	291	1477	1	1839	0	0	1839	1	0	2	0	3	1	7	2	2	416	1	0	87	0	0	200	0	0	2007	257500
675	9200	1	0	1	1	1	1	1965	1965	892	0	244	1136	1	1136	0	0	1136	1	0	1	0	3	1	5	1	1	384	1	426	0	0	0	0	0	0	2008	140000
676	2289	1	0	1	1	1	0	1978	1978	311	0	544	855	1	855	586	0	1441	0	0	2	1	3	1	7	1	2	440	1	28	0	0	0	0	0	0	2009	148500
677	9600	1	1	1	1	1	1	1900	1950	0	0	1095	1095	0	1095	679	0	1774	1	0	2	0	4	2	8	0	3	779	0	0	0	90	0	0	0	0	2006	87000
678	9022	1	0	1	1	1	1	1924	2006	0	0	768	768	1	792	0	0	792	0	0	1	0	2	1	5	0	1	240	0	316	0	120	0	0	0	0	2009	109500
679	11844	1	0	0	1	1	1	2008	2008	0	0	2046	2046	1	2046	0	0	2046	0	0	2	1	3	1	7	1	3	834	1	322	82	0	0	0	0	0	2009	372500
680	9945	1	0	0	1	1	1	1961	1961	827	0	161	988	1	988	0	0	988	1	0	1	0	3	1	5	0	2	572	1	0	0	0	0	0	0	0	2007	128500
681	8012	1	0	1	1	1	0	1980	1980	543	119	261	923	1	923	0	0	923	0	0	2	0	2	1	5	1	1	264	1	80	0	0	0	0	0	0	2010	143000
682	4500	1	1	0	0	1	1	1932	2000	182	0	611	793	1	848	672	0	1520	0	0	1	0	3	1	6	0	1	281	1	0	0	56	0	0	0	0	2009	159434
683	2887	1	0	1	0	1	1	1996	1997	1003	0	288	1291	1	1291	0	0	1291	1	0	1	0	2	1	6	1	2	431	1	307	0	0	0	0	0	0	2008	173000
684	11248	1	0	0	1	1	1	2002	2002	1059	0	567	1626	1	1668	0	0	1668	1	0	2	0	3	1	7	1	3	702	1	257	45	0	0	0	0	0	2007	285000
685	16770	1	0	0	1	1	1	1998	1998	0	0	1195	1195	1	1195	644	0	1839	0	0	2	1	4	1	7	0	2	486	1	0	81	0	0	0	0	0	2010	221000
686	5062	1	0	0	1	1	0	1984	1984	828	182	180	1190	1	1190	900	0	2090	1	0	2	0	3	1	6	1	2	577	1	219	0	0	0	0	0	0	2007	207500
687	10207	1	0	1	1	1	1	2007	2007	0	0	874	874	1	874	887	0	1761	0	0	3	0	3	1	7	0	2	578	1	144	105	0	0	0	0	0	2007	227875
688	5105	1	0	0	1	1	0	2004	2004	239	0	312	551	1	551	551	0	1102	0	0	2	1	2	1	4	0	2	480	1	0	60	0	0	0	0	0	2007	148800
689	8089	1	0	1	0	1	1	2007	2007	945	0	474	1419	1	1419	0	0	1419	1	0	2	0	2	1	7	1	2	567	1	140	0	0	0	0	0	0	2007	392000
690	7577	1	0	0	1	1	0	2005	2006	20	0	1342	1362	1	1362	0	0	1362	0	0	2	0	2	1	6	1	2	460	1	192	28	0	0	0	0	0	2007	194700
691	4426	1	0	1	1	1	0	2004	2004	697	0	151	848	1	848	0	0	848	1	0	1	0	1	1	3	1	2	420	1	149	0	0	0	0	0	0	2008	141000
692	21535	1	0	0	1	1	1	1994	1995	1455	0	989	2444	1	2444	1872	0	4316	0	1	3	1	4	1	10	2	3	832	1	382	50	0	0	0	0	0	2007	755000
693	26178	1	0	0	1	0	1	1989	1990	965	0	245	1210	1	1238	1281	0	2519	1	0	2	1	4	1	9	2	2	628	1	320	27	0	0	0	0	0	2006	335000
694	5400	1	0	1	1	0	1	1921	1968	0	0	1073	1073	1	1073	0	0	1073	0	0	1	0	2	1	4	0	1	326	1	0	0	112	0	0	0	0	2006	108480
695	6120	1	0	1	1	1	1	1936	1950	0	0	927	927	1	1067	472	0	1539	0	0	1	1	3	1	5	0	2	576	1	112	0	0	0	0	0	0	2009	141500
696	13811	1	0	0	1	1	1	1987	1987	980	40	92	1112	1	1137	0	0	1137	1	0	2	0	2	1	5	1	2	551	1	125	0	0	0	0	0	0	2006	176000
697	6000	1	0	1	1	1	1	1921	1950	616	0	0	616	1	616	0	0	616	0	0	1	0	2	1	4	0	1	205	1	0	0	129	0	0	0	0	2006	89000
698	6420	1	0	0	1	1	1	1952	1952	210	551	219	980	1	1148	0	0	1148	0	1	1	0	2	1	6	0	1	308	1	0	0	0	0	0	0	0	2006	123500
699	8450	1	0	1	1	1	1	1965	2009	553	117	224	894	1	894	0	0	894	1	0	1	0	3	1	5	1	1	336	1	416	144	0	0	0	0	0	2010	138500
700	4282	1	1	0	1	1	0	2004	2004	16	0	1375	1391	1	1391	0	0	1391	0	0	2	0	2	1	5	0	2	530	1	156	158	0	0	0	0	0	2008	196000
701	14331	1	0	1	1	1	1	2002	2002	1274	0	526	1800	1	1800	0	0	1800	1	0	2	0	3	1	7	1	3	765	1	270	78	0	0	0	0	0	2006	312500
702	9600	1	0	1	1	1	1	1969	1969	0	0	1164	1164	1	1164	0	0	1164	0	0	1	1	3	1	6	0	2	528	1	0	0	0	0	0	0	0	2006	140000
703	12438	1	0	0	1	1	1	2006	2006	0	0	1234	1234	1	1264	1312	0	2576	0	0	2	1	4	1	10	1	3	666	1	324	100	0	0	0	0	0	2006	361919
704	7630	1	0	1	1	1	0	1900	1996	0	0	360	360	1	1032	780	0	1812	0	0	2	0	4	2	8	1	2	672	0	344	0	40	0	0	0	0	2010	140000
705	8400	1	0	1	1	1	1	2004	2005	712	0	761	1473	1	1484	0	0	1484	1	0	2	0	3	1	7	0	2	606	1	0	35	0	144	0	0	0	2010	213000
706	5600	1	0	1	1	1	0	1930	1950	0	0	0	0	0	372	720	0	1092	0	0	2	0	3	2	7	0	0	0	0	0	0	0	0	0	0	3500	2010	55000
707	115149	1	0	0	0	0	1	1971	2002	1219	0	424	1643	1	1824	0	0	1824	1	0	2	0	2	1	5	2	2	739	1	380	48	0	0	0	0	0	2007	302000
708	6240	1	0	1	1	1	0	2006	2006	863	0	461	1324	1	1324	0	0	1324	1	0	2	0	2	1	6	1	2	550	1	192	38	0	0	0	0	0	2009	254000
709	9018	1	0	0	1	1	1	2007	2007	0	0	728	728	1	728	728	0	1456	0	0	2	1	3	1	8	1	2	400	1	100	24	0	0	0	0	0	2007	179540
710	7162	1	0	0	1	1	1	1966	1966	0	0	876	876	1	904	0	0	904	0	0	1	0	3	1	6	0	1	408	1	0	0	0	0	0	0	0	2008	109900
711	4130	1	0	0	1	1	1	1935	2003	0	0	270	270	1	729	0	0	729	0	0	1	0	2	1	5	0	0	0	0	0	0	0	0	0	0	0	2008	52000
712	8712	1	1	1	0	0	1	1900	1950	0	0	859	859	1	859	319	0	1178	0	0	1	0	2	1	7	0	1	384	0	68	0	98	0	0	0	0	2010	102776
713	4671	1	0	0	0	1	0	1988	1989	767	0	461	1228	1	1228	0	0	1228	1	0	2	0	2	1	5	1	2	472	1	168	120	0	0	0	0	0	2008	189000
714	9873	1	0	1	1	1	0	1970	1970	789	0	171	960	0	960	0	0	960	1	0	1	0	3	1	6	0	2	576	1	0	288	0	0	0	0	0	2006	129000
715	13517	1	0	0	1	1	1	1976	2005	533	0	192	725	1	725	754	0	1479	0	0	2	1	3	1	6	0	2	475	1	0	44	0	0	0	0	0	2010	130500
716	10140	1	0	1	1	1	1	1974	1974	0	0	1064	1064	1	1350	0	0	1350	0	0	2	0	3	1	7	1	2	478	1	0	0	0	0	0	0	0	2009	165000
717	10800	1	1	1	0	1	1	1890	1998	0	0	718	718	1	1576	978	0	2554	0	0	1	1	3	1	8	0	2	704	0	0	48	143	0	0	0	0	2007	159500
718	10000	1	0	1	1	1	1	1973	2000	1084	0	92	1176	1	1178	0	0	1178	0	1	1	1	3	1	5	1	2	439	1	224	0	0	0	0	0	0	2008	157000
719	10542	1	0	1	1	1	1	1993	1994	1173	0	138	1311	1	1325	1093	0	2418	1	0	2	1	3	1	9	1	3	983	1	250	154	216	0	0	0	0	2008	341000
720	9920	1	0	0	1	1	1	1969	1969	523	0	448	971	1	971	0	0	971	0	0	1	1	3	1	5	1	1	300	1	0	0	0	0	0	0	0	2006	128500
721	6563	1	0	0	0	0	1	1985	1985	1148	0	594	1742	1	1742	0	0	1742	1	0	2	0	2	1	5	1	2	564	1	114	28	234	0	0	0	0	2006	275000
722	4426	1	0	1	1	1	0	2004	2004	662	0	186	848	1	848	0	0	848	1	0	1	0	1	1	3	0	2	420	1	160	0	0	0	0	0	0	2010	143000
723	8120	1	0	1	1	1	1	1970	1970	191	0	673	864	1	864	0	0	864	0	0	1	0	3	1	5	0	2	463	1	0	0	0	0	0	0	0	2009	124500
724	8172	1	0	1	1	1	1	1954	1972	0	0	941	941	1	997	473	0	1470	0	0	2	0	4	1	7	0	1	548	1	0	0	0	0	156	0	0	2008	135000
725	13286	1	0	0	1	1	1	2007	2008	1234	0	464	1698	1	1698	0	0	1698	1	0	2	0	3	1	8	1	3	768	1	327	64	0	0	0	0	0	2009	320000
726	6960	1	0	1	1	1	1	1970	1970	375	239	250	864	1	864	0	0	864	0	0	1	0	3	1	5	0	2	660	1	96	0	0	0	0	0	500	2009	120500
727	21695	1	0	0	1	1	1	1988	2007	808	0	72	880	1	1680	0	0	1680	1	0	2	0	3	1	5	1	2	540	1	292	44	0	182	0	0	0	2009	222000
728	7314	1	0	1	1	1	1	2007	2007	724	0	508	1232	1	1232	0	0	1232	1	0	2	0	2	1	6	0	2	632	1	132	0	0	0	0	0	0	2009	194500
729	11475	1	0	1	1	1	0	1958	1958	0	0	1584	1584	1	1776	0	0	1776	1	0	2	0	4	2	9	0	3	888	1	0	25	0	0	0	0	0	2009	110000
730	6240	1	1	1	1	1	1	1925	1950	152	0	628	780	1	848	0	360	1208	0	0	1	0	2	1	5	0	2	539	1	0	23	112	0	0	0	0	2009	103000
731	5389	1	0	0	1	1	0	1995	1996	1180	0	415	1595	1	1616	0	0	1616	1	0	2	0	2	1	5	1	2	608	1	237	152	0	0	0	0	0	2010	236500
732	9590	1	0	0	1	1	1	2003	2003	786	0	82	868	1	1146	0	0	1146	1	0	2	0	3	1	6	1	2	438	1	160	22	0	0	0	0	0	2007	187500
733	11404	1	0	0	1	1	1	1998	1999	252	0	901	1153	1	1153	878	0	2031	0	0	2	1	3	1	8	1	2	541	1	192	84	0	0	0	0	0	2008	222500
734	10000	1	0	1	1	1	1	1961	1983	594	0	270	864	1	1144	0	0	1144	1	0	1	0	3	1	6	1	1	264	1	165	0	0	0	0	0	400	2009	131400
735	8978	1	0	0	1	1	1	1968	1968	0	0	948	948	1	948	0	0	948	0	0	1	0	3	1	6	0	1	300	1	147	0	0	0	0	0	0	2007	108000
736	10800	1	0	1	1	1	1	1914	1970	390	0	490	880	0	880	888	0	1768	0	0	1	1	2	1	6	2	2	320	0	0	341	0	0	0	0	0	2006	163000
737	8544	1	0	1	1	1	0	1950	1950	0	0	0	0	0	1040	0	0	1040	0	0	2	0	2	2	6	0	2	400	1	0	0	0	0	0	0	0	2006	93500
738	10463	1	0	0	0	1	1	2005	2005	0	0	893	893	1	901	900	0	1801	0	0	2	1	3	1	8	1	3	800	1	0	116	0	0	0	0	0	2006	239900
739	10800	1	0	1	1	1	0	1987	1988	1200	0	0	1200	1	1200	0	0	1200	3	0	3	0	3	1	5	0	0	0	1	120	0	0	0	0	0	0	2009	179000
740	9313	1	0	0	1	1	1	2004	2004	0	0	864	864	1	864	864	0	1728	0	0	2	1	3	1	7	0	2	572	1	187	56	0	0	0	0	0	2009	190000
741	9600	1	1	1	1	1	1	1910	2002	0	0	264	264	1	768	664	0	1432	0	0	2	0	2	1	7	0	2	360	1	270	0	112	0	0	0	0	2007	132000
742	6768	1	0	0	1	1	1	1961	1996	832	0	80	912	1	912	0	0	912	1	1	1	0	3	1	5	0	1	288	1	168	0	0	0	0	0	0	2008	142000
743	8450	1	0	1	1	1	1	2000	2001	0	0	1349	1349	1	1349	0	0	1349	0	0	2	0	3	1	6	0	2	539	1	120	55	0	0	0	0	0	2007	179000
744	12886	1	0	0	1	1	1	1963	1999	444	0	76	520	1	1464	0	0	1464	0	1	2	0	3	1	6	1	2	480	1	302	0	0	0	100	0	0	2009	175000
745	5395	1	0	0	0	1	0	1993	1993	733	0	604	1337	1	1337	0	0	1337	1	0	2	0	2	1	5	1	2	462	1	96	0	70	168	0	0	0	2008	180000
746	8963	1	0	0	1	1	1	1976	1996	575	80	487	1142	1	1175	1540	0	2715	0	1	3	1	4	1	11	2	2	831	1	0	204	0	0	0	0	0	2008	299800
747	8795	1	0	0	1	1	1	2000	2000	300	0	652	952	1	980	1276	0	2256	0	0	2	1	4	1	8	1	2	554	1	224	54	0	0	0	0	0	2009	236000
748	11700	1	1	0	1	1	1	1880	2003	0	0	1240	1240	0	1320	1320	0	2640	0	0	1	1	4	1	8	1	4	864	0	181	0	386	0	0	0	0	2009	265979
749	10593	1	0	0	1	1	1	1996	1996	919	0	801	1720	1	1720	0	0	1720	1	0	2	0	3	1	7	1	2	527	1	240	56	154	0	0	0	0	2010	260400
750	8405	1	0	1	1	1	1	1945	1950	0	0	0	0	0	1088	441	0	1529	0	0	2	0	4	1	9	0	1	240	0	92	0	185	0	0	0	0	2009	98000
751	8800	1	1	1	1	1	1	1910	2004	0	0	576	576	1	792	348	0	1140	0	0	1	0	3	1	7	0	0	0	0	0	160	0	0	0	0	0	2010	96500
752	7750	1	0	1	1	1	1	2003	2003	0	0	660	660	1	660	660	0	1320	0	0	2	1	3	1	6	0	2	400	1	0	48	0	0	0	0	0	2007	162000
753	9236	1	0	0	1	1	1	1997	1997	1200	0	279	1479	1	1494	0	0	1494	1	0	2	0	3	1	6	0	2	576	1	168	27	0	0	0	0	0	2006	217000
754	10240	1	0	1	1	1	1	2005	2005	0	0	1030	1030	1	1038	1060	0	2098	0	0	2	1	3	1	8	1	3	878	1	192	52	0	0	0	0	0	2006	275500
755	7930	1	0	1	1	1	1	1969	2005	439	472	115	1026	1	1026	0	0	1026	1	0	1	0	3	1	5	0	2	440	1	171	48	0	0	0	0	0	2009	156000
756	3230	1	1	1	1	1	0	1999	1999	381	0	348	729	1	742	729	0	1471	0	0	2	1	3	1	6	0	2	440	1	0	24	0	0	0	0	0	2009	172500
757	10769	1	0	0	1	1	1	2007	2007	20	0	846	866	1	866	902	0	1768	0	0	2	1	3	1	7	0	2	578	1	144	105	0	0	0	0	0	2009	212000
758	11616	1	0	0	1	1	1	1978	1978	438	0	234	672	1	672	714	0	1386	0	0	2	1	3	1	6	1	2	440	1	335	0	0	0	0	0	0	2010	158900
759	2280	1	1	1	1	1	0	1999	1999	549	0	195	744	1	757	744	0	1501	0	0	2	1	3	1	6	0	2	440	1	0	0	0	0	0	0	0	2008	179400
760	12257	1	0	0	1	1	1	1995	1995	56	64	1198	1318	1	1328	1203	0	2531	0	0	2	1	4	1	9	1	3	752	1	222	98	0	0	0	0	0	2007	290000
761	9100	1	0	1	1	1	1	1959	1959	612	0	252	864	1	864	0	0	864	0	0	1	0	2	1	5	0	1	300	1	0	0	0	0	0	0	450	2009	127500
762	6911	1	0	1	1	1	1	1924	1950	405	0	740	1145	1	1301	0	0	1301	0	0	1	0	2	1	5	0	2	440	1	0	0	0	0	0	0	0	2009	100000
763	8640	1	0	1	1	1	1	2009	2009	24	0	732	756	1	764	783	0	1547	0	0	2	1	3	1	7	0	2	614	1	169	45	0	0	0	0	0	2010	215200
764	9430	1	0	1	1	1	1	1999	1999	1163	0	89	1252	1	1268	1097	0	2365	1	0	2	1	3	1	8	1	3	856	1	0	128	0	0	180	0	0	2009	337000
765	9549	1	0	0	1	1	0	1995	1996	437	1057	0	1494	1	1494	0	0	1494	1	0	1	1	2	1	6	1	2	481	1	0	30	0	0	216	0	0	2006	270000
766	14587	1	0	0	1	1	1	2008	2008	0	0	1498	1498	1	1506	0	0	1506	0	0	2	0	2	1	6	1	2	592	1	0	174	0	0	0	0	0	2008	264132
767	10421	1	0	1	1	1	1	1988	1988	394	0	586	980	1	980	734	0	1714	0	0	2	1	3	1	7	1	2	496	1	228	66	156	0	0	0	500	2010	196500
768	12508	1	0	0	1	1	1	1940	1985	660	0	323	983	1	983	767	0	1750	1	0	2	0	4	1	7	0	1	423	1	245	0	156	0	0	0	1300	2008	160000
769	9100	1	0	1	1	1	1	2004	2005	24	0	1836	1860	1	1836	0	0	1836	0	0	2	0	3	1	8	1	2	484	1	120	33	0	0	0	0	0	2006	216837
770	53504	1	0	0	0	0	1	2003	2003	1416	0	234	1650	1	1690	1589	0	3279	1	0	3	1	4	1	12	1	3	841	1	503	36	0	0	210	0	0	2010	538000
771	7252	1	0	0	1	1	1	1982	1982	685	0	173	858	1	858	0	0	858	1	0	1	0	2	1	5	0	2	576	1	120	0	0	0	0	0	0	2009	134900
772	8877	1	0	1	1	1	1	1951	1951	836	0	0	836	1	1220	0	0	1220	0	0	1	0	2	1	6	0	2	396	1	0	0	0	0	0	0	0	2006	102000
773	7819	1	0	1	1	1	1	1976	1976	422	127	480	1029	1	1117	0	0	1117	1	0	1	0	3	1	6	1	2	672	1	144	0	0	0	0	0	0	2010	107000
774	10150	1	0	1	1	1	1	1958	1958	456	0	456	912	1	912	0	0	912	0	0	1	0	2	1	5	0	1	275	1	0	0	0	0	0	0	0	2007	114500
775	14226	1	0	1	1	1	1	2006	2006	0	0	1935	1935	1	1973	0	0	1973	0	0	2	0	3	1	9	1	3	895	1	315	45	0	0	0	0	0	2007	395000
776	4500	1	0	1	1	1	0	1998	1998	866	0	338	1204	1	1204	0	0	1204	1	0	2	0	2	1	5	0	2	412	1	0	247	0	0	0	0	0	2009	162000
777	11210	1	0	0	1	1	1	2005	2006	20	0	1594	1614	1	1614	0	0	1614	0	0	2	0	3	1	7	0	3	865	1	144	59	0	0	0	0	0	2006	221500
778	13350	1	0	0	1	1	1	1974	1974	762	0	102	864	1	894	0	0	894	1	0	1	0	3	1	5	1	2	440	1	241	0	0	0	0	0	0	2006	142500
779	8400	1	0	1	1	1	0	1977	1977	0	0	0	0	1	2020	0	0	2020	0	0	2	0	4	2	10	2	2	630	1	0	0	0	0	0	0	0	2007	144000
780	10530	1	0	1	1	1	0	1977	1977	975	0	0	975	1	1004	0	0	1004	1	0	1	0	2	1	4	0	2	504	1	0	0	0	0	0	0	0	2006	135000
781	7875	1	0	1	1	1	1	1995	1996	0	0	1237	1237	1	1253	0	0	1253	0	0	2	0	3	1	6	1	2	402	1	220	21	0	0	0	0	0	2007	176000
782	7153	1	0	1	1	1	1	1992	1992	387	0	374	761	1	810	793	0	1603	0	0	2	1	3	1	7	0	2	484	1	0	124	0	0	0	0	0	2006	175900
783	16285	1	0	0	1	1	1	2001	2002	0	0	1413	1413	1	1430	0	0	1430	0	0	2	0	3	1	6	0	2	605	1	0	33	0	0	0	0	0	2009	187100
784	9101	1	0	0	1	1	1	1978	1978	1097	0	0	1097	1	1110	0	0	1110	1	0	1	0	1	1	4	1	2	602	1	303	30	0	0	0	0	0	2009	165500
785	6300	1	1	1	1	1	1	1914	2001	0	0	742	742	1	742	742	0	1484	0	0	2	0	3	1	9	1	0	0	1	0	291	134	0	0	0	0	2008	128000
786	9790	1	0	1	1	1	1	1967	1967	251	630	491	1372	1	1342	0	0	1342	0	0	2	0	3	1	7	1	2	457	1	0	0	0	0	197	0	0	2009	161500
787	10800	1	0	1	1	1	1	1915	1950	686	0	0	686	1	966	686	0	1652	1	0	2	0	4	1	7	0	1	416	1	0	0	196	0	0	0	1200	2010	139000
788	10142	1	0	0	1	1	1	2004	2004	656	0	300	956	1	956	1128	0	2084	1	0	2	1	4	1	8	0	2	618	1	0	45	0	0	0	0	0	2010	233000
789	6000	1	0	1	1	1	1	1954	2000	0	0	901	901	1	901	0	0	901	0	0	1	0	2	1	4	0	1	281	1	0	0	0	0	0	0	0	2008	107900
790	12205	1	0	0	0	1	1	1966	2007	568	0	264	832	1	976	1111	0	2087	0	0	2	1	5	1	9	0	2	444	1	133	168	0	0	0	0	0	2007	187500
791	3182	1	0	1	1	1	0	2005	2006	16	0	1129	1145	1	1145	0	0	1145	0	0	2	0	2	1	5	1	2	397	1	100	16	0	0	0	0	0	2009	160200
792	11333	1	0	0	1	1	1	1976	1976	539	0	490	1029	1	1062	0	0	1062	1	0	1	0	3	1	5	2	2	539	1	120	0	0	0	0	0	0	2007	146800
793	9920	1	0	0	1	1	1	1996	1997	862	0	255	1117	1	1127	886	0	2013	1	0	2	1	3	1	8	1	2	455	1	180	130	0	0	0	0	0	2007	269790
794	9158	1	0	1	1	1	1	2007	2007	0	0	1496	1496	1	1496	0	0	1496	0	0	2	0	3	1	7	0	2	474	1	168	130	0	0	0	0	0	2007	225000
795	10832	1	0	0	1	1	1	1994	1996	0	0	712	712	1	1086	809	0	1895	0	0	2	1	3	1	7	1	2	409	1	143	46	0	0	0	0	500	2008	194500
796	8400	1	0	1	1	1	1	1980	1981	0	0	650	650	1	888	676	0	1564	0	0	2	1	3	1	7	1	2	476	1	0	50	0	0	204	0	0	2010	171000
797	8197	1	0	1	1	1	1	1977	1977	0	0	660	660	1	1285	0	0	1285	0	0	1	1	3	1	7	1	2	528	1	138	0	0	0	0	0	0	2007	143500
798	7677	1	0	1	1	1	1	1953	1953	570	0	203	773	1	773	0	0	773	0	0	1	0	2	1	4	0	1	240	1	0	0	0	0	0	0	0	2008	110000
799	13518	1	0	1	1	1	1	2008	2009	0	0	1926	1926	1	1966	1174	0	3140	0	0	3	1	4	1	11	2	3	820	1	144	78	0	0	0	0	0	2009	485000
800	7200	1	0	1	1	1	1	1937	1950	569	0	162	731	1	981	787	0	1768	1	0	1	1	3	1	7	2	1	240	1	0	0	264	0	0	0	0	2007	175000
